entrezID,gene_symbol,probe_seq,biotype,bioproject,res_design,host_type,virus_strain,M.O.I,H.P.I,log2FoldChange,t,B,pvalue,padj,baseMean,lfcSE,stat
162655,ZNF519,AAAGCCTTTAACAGGGGGTCATACCTTACTCAACACCAGAGAATCCATACCGGAGAGAAA,protein_coding,PRJNA139513,A/Vietnam/1203/2004(H5N1) vs. mock infection,Calu-3,A/Vietnam/1203/2004(H5N1),1,0,0.112037757333333,1.31244818935737,-4.81921071040204,0.23873447258795,0.759696510376241,NA,NA,NA
162655,ZNF519,AAAGCCTTTAACAGGGGGTCATACCTTACTCAACACCAGAGAATCCATACCGGAGAGAAA,protein_coding,PRJNA139513,A/Vietnam/1203/2004(H5N1) vs. mock infection,Calu-3,A/Vietnam/1203/2004(H5N1),1,12,-1.28301463733333,-4.82467063143109,-2.08468724379868,0.00298092243237986,0.00991487447971694,NA,NA,NA
162655,ZNF519,AAAGCCTTTAACAGGGGGTCATACCTTACTCAACACCAGAGAATCCATACCGGAGAGAAA,protein_coding,PRJNA139513,A/Vietnam/1203/2004(H5N1) vs. mock infection,Calu-3,A/Vietnam/1203/2004(H5N1),1,18,-1.25949070066667,-4.05454051054313,-2.6194188169489,0.00636042393443218,0.0198160779430196,NA,NA,NA
162655,ZNF519,AAAGCCTTTAACAGGGGGTCATACCTTACTCAACACCAGAGAATCCATACCGGAGAGAAA,protein_coding,PRJNA139513,A/Vietnam/1203/2004(H5N1) vs. mock infection,Calu-3,A/Vietnam/1203/2004(H5N1),1,24,0.175054616,0.485999836046945,-7.25612406876621,0.643834179321189,0.703845926086912,NA,NA,NA
162655,ZNF519,AAAGCCTTTAACAGGGGGTCATACCTTACTCAACACCAGAGAATCCATACCGGAGAGAAA,protein_coding,PRJNA139513,A/Vietnam/1203/2004(H5N1) vs. mock infection,Calu-3,A/Vietnam/1203/2004(H5N1),1,3,0.245621571,2.16648848730137,-3.90476203016553,0.076662427461023,0.577961036326382,NA,NA,NA
162655,ZNF519,AAAGCCTTTAACAGGGGGTCATACCTTACTCAACACCAGAGAATCCATACCGGAGAGAAA,protein_coding,PRJNA139513,A/Vietnam/1203/2004(H5N1) vs. mock infection,Calu-3,A/Vietnam/1203/2004(H5N1),1,7,0.214067523333334,1.86184925212428,-5.66652746350637,0.113579362840197,0.246295857689721,NA,NA,NA
162655,ZNF519,AAAGCCTTTAACAGGGGGTCATACCTTACTCAACACCAGAGAATCCATACCGGAGAGAAA,protein_coding,PRJNA163315,A/California/04/09 (H1N1) vs. mock infection,Calu-3,A/California/04/09 (H1N1),3,0,0.217871835666666,1.8487355009555,-4.56566580880097,0.113039785352843,0.530499368070425,NA,NA,NA
162655,ZNF519,AAAGCCTTTAACAGGGGGTCATACCTTACTCAACACCAGAGAATCCATACCGGAGAGAAA,protein_coding,PRJNA163315,A/California/04/09 (H1N1) vs. mock infection,Calu-3,A/California/04/09 (H1N1),3,12,-0.420153535666666,-3.06680300864264,-4.59019961493802,0.0220445147198882,0.0497143568667267,NA,NA,NA
162655,ZNF519,AAAGCCTTTAACAGGGGGTCATACCTTACTCAACACCAGAGAATCCATACCGGAGAGAAA,protein_coding,PRJNA163315,A/California/04/09 (H1N1) vs. mock infection,Calu-3,A/California/04/09 (H1N1),3,18,-0.456750377666668,-3.73836430755443,-3.51406343634423,0.00827076706378481,0.021568207357197,NA,NA,NA
162655,ZNF519,AAAGCCTTTAACAGGGGGTCATACCTTACTCAACACCAGAGAATCCATACCGGAGAGAAA,protein_coding,PRJNA163315,A/California/04/09 (H1N1) vs. mock infection,Calu-3,A/California/04/09 (H1N1),3,24,-0.293789405,-2.21881321323924,-5.92025921193544,0.0699902344920751,0.120454772721148,NA,NA,NA
162655,ZNF519,AAAGCCTTTAACAGGGGGTCATACCTTACTCAACACCAGAGAATCCATACCGGAGAGAAA,protein_coding,PRJNA163315,A/California/04/09 (H1N1) vs. mock infection,Calu-3,A/California/04/09 (H1N1),3,30,-0.114181833333335,-1.11009274943301,-7.51893987762871,0.310615074319998,0.377370222352147,NA,NA,NA
162655,ZNF519,AAAGCCTTTAACAGGGGGTCATACCTTACTCAACACCAGAGAATCCATACCGGAGAGAAA,protein_coding,PRJNA163315,A/California/04/09 (H1N1) vs. mock infection,Calu-3,A/California/04/09 (H1N1),3,36,-0.0172260436666658,-0.175321536730625,-7.66497708479497,0.866755122738246,0.909011733223807,NA,NA,NA
162655,ZNF519,AAAGCCTTTAACAGGGGGTCATACCTTACTCAACACCAGAGAATCCATACCGGAGAGAAA,protein_coding,PRJNA163315,A/California/04/09 (H1N1) vs. mock infection,Calu-3,A/California/04/09 (H1N1),3,3,-0.0367976716666671,-0.389149077802411,-5.17537581834274,0.710019163244594,0.999999999999963,NA,NA,NA
162655,ZNF519,AAAGCCTTTAACAGGGGGTCATACCTTACTCAACACCAGAGAATCCATACCGGAGAGAAA,protein_coding,PRJNA163315,A/California/04/09 (H1N1) vs. mock infection,Calu-3,A/California/04/09 (H1N1),3,48,0.190222172333334,1.52485103724417,-6.4370820916136,0.178973270258719,0.27604482442803,NA,NA,NA
162655,ZNF519,AAAGCCTTTAACAGGGGGTCATACCTTACTCAACACCAGAGAATCCATACCGGAGAGAAA,protein_coding,PRJNA163315,A/California/04/09 (H1N1) vs. mock infection,Calu-3,A/California/04/09 (H1N1),3,7,-0.0807981326666667,-1.0394549535042,-7.08597339570576,0.337943517190402,0.493344291552178,NA,NA,NA
162655,ZNF519,AAAGCCTTTAACAGGGGGTCATACCTTACTCAACACCAGAGAATCCATACCGGAGAGAAA,protein_coding,PRJNA175069,A/California/04/09 (H1N1) vs. mock infection,Calu-3,A/California/04/09 (H1N1),3,0,0.0768760723333326,1.21568053801285,-5.18538907512715,0.271627605305932,0.902922060898559,NA,NA,NA
162655,ZNF519,AAAGCCTTTAACAGGGGGTCATACCTTACTCAACACCAGAGAATCCATACCGGAGAGAAA,protein_coding,PRJNA175069,A/California/04/09 (H1N1) vs. mock infection,Calu-3,A/California/04/09 (H1N1),3,12,0.0407205140000038,0.773310884364104,-7.08692900547782,0.468602376743433,0.561854057299602,NA,NA,NA
162655,ZNF519,AAAGCCTTTAACAGGGGGTCATACCTTACTCAACACCAGAGAATCCATACCGGAGAGAAA,protein_coding,PRJNA175069,A/California/04/09 (H1N1) vs. mock infection,Calu-3,A/California/04/09 (H1N1),3,24,-0.0326850066666662,-0.39381427513391,-7.84821990030955,0.70727231647609,0.783959790365519,NA,NA,NA
162655,ZNF519,AAAGCCTTTAACAGGGGGTCATACCTTACTCAACACCAGAGAATCCATACCGGAGAGAAA,protein_coding,PRJNA175069,A/California/04/09 (H1N1) vs. mock infection,Calu-3,A/California/04/09 (H1N1),3,48,0.274038332666668,3.61062103846449,-3.63025916238122,0.0107142641474667,0.0359680355786613,NA,NA,NA
162655,ZNF519,AAAGCCTTTAACAGGGGGTCATACCTTACTCAACACCAGAGAATCCATACCGGAGAGAAA,protein_coding,PRJNA175069,A/Netherlands/602/2009 (H1N1) vs. mock infection,Calu-3,A/Netherlands/602/2009 (H1N1),3,0,-0.0452291876666697,-0.644286098134994,-5.84375611868163,0.543741223813971,0.83885533664288,NA,NA,NA
162655,ZNF519,AAAGCCTTTAACAGGGGGTCATACCTTACTCAACACCAGAGAATCCATACCGGAGAGAAA,protein_coding,PRJNA175069,A/Netherlands/602/2009 (H1N1) vs. mock infection,Calu-3,A/Netherlands/602/2009 (H1N1),3,12,0.24093255466667,2.98018707331973,-3.98639131971225,0.0246370287386157,0.10360583439177,NA,NA,NA
162655,ZNF519,AAAGCCTTTAACAGGGGGTCATACCTTACTCAACACCAGAGAATCCATACCGGAGAGAAA,protein_coding,PRJNA175069,A/Netherlands/602/2009 (H1N1) vs. mock infection,Calu-3,A/Netherlands/602/2009 (H1N1),3,18,-0.0170632049999986,-0.244832291232972,-7.38654760207775,0.814440107106982,0.909021344091885,NA,NA,NA
162655,ZNF519,AAAGCCTTTAACAGGGGGTCATACCTTACTCAACACCAGAGAATCCATACCGGAGAGAAA,protein_coding,PRJNA175069,A/Netherlands/602/2009 (H1N1) vs. mock infection,Calu-3,A/Netherlands/602/2009 (H1N1),3,24,-0.0272947626666671,-0.290883499174667,-7.6195479788582,0.780944306188707,0.860335132212281,NA,NA,NA
162655,ZNF519,AAAGCCTTTAACAGGGGGTCATACCTTACTCAACACCAGAGAATCCATACCGGAGAGAAA,protein_coding,PRJNA175069,A/Netherlands/602/2009 (H1N1) vs. mock infection,Calu-3,A/Netherlands/602/2009 (H1N1),3,30,0.17556447,2.99248622922661,-4.73595096264265,0.0246778472247247,0.0454137992928932,NA,NA,NA
162655,ZNF519,AAAGCCTTTAACAGGGGGTCATACCTTACTCAACACCAGAGAATCCATACCGGAGAGAAA,protein_coding,PRJNA175069,A/Netherlands/602/2009 (H1N1) vs. mock infection,Calu-3,A/Netherlands/602/2009 (H1N1),3,36,-0.0474132660000022,-0.630177122192227,-7.76248316078083,0.552641183509041,0.630759534301414,NA,NA,NA
162655,ZNF519,AAAGCCTTTAACAGGGGGTCATACCTTACTCAACACCAGAGAATCCATACCGGAGAGAAA,protein_coding,PRJNA175069,A/Netherlands/602/2009 (H1N1) vs. mock infection,Calu-3,A/Netherlands/602/2009 (H1N1),3,3,0.141196203999999,1.86432573723302,-4.35376698849589,0.110778824173175,0.915868896050199,NA,NA,NA
162655,ZNF519,AAAGCCTTTAACAGGGGGTCATACCTTACTCAACACCAGAGAATCCATACCGGAGAGAAA,protein_coding,PRJNA175069,A/Netherlands/602/2009 (H1N1) vs. mock infection,Calu-3,A/Netherlands/602/2009 (H1N1),3,48,0.289001323000001,2.80376554441764,-4.74842285039115,0.0297641001700951,0.0719625816683068,NA,NA,NA
162655,ZNF519,AAAGCCTTTAACAGGGGGTCATACCTTACTCAACACCAGAGAATCCATACCGGAGAGAAA,protein_coding,PRJNA175069,A/Netherlands/602/2009 (H1N1) vs. mock infection,Calu-3,A/Netherlands/602/2009 (H1N1),3,7,0.185480354333333,1.55440731150061,-4.87127150286814,0.169704621510037,0.414173665670917,NA,NA,NA
162655,ZNF519,AAAGCCTTTAACAGGGGGTCATACCTTACTCAACACCAGAGAATCCATACCGGAGAGAAA,protein_coding,PRJNA215073,A/Anhui/01/2013 (H7N9) vs. mock infection,Calu-3,A/Anhui/01/2013 (H7N9),1,12,-0.0323252052500038,-0.42735911590947,-7.55872837732167,0.679766059207032,0.767142542404248,NA,NA,NA
162655,ZNF519,AAAGCCTTTAACAGGGGGTCATACCTTACTCAACACCAGAGAATCCATACCGGAGAGAAA,protein_coding,PRJNA215073,A/Anhui/01/2013 (H7N9) vs. mock infection,Calu-3,A/Anhui/01/2013 (H7N9),1,24,0.622950913249998,3.56169536007771,-3.69545298198727,0.00709075813053508,0.0109935191893988,NA,NA,NA
162655,ZNF519,AAAGCCTTTAACAGGGGGTCATACCTTACTCAACACCAGAGAATCCATACCGGAGAGAAA,protein_coding,PRJNA215073,A/Anhui/01/2013 (H7N9) vs. mock infection,Calu-3,A/Anhui/01/2013 (H7N9),1,3,0.0842859414999992,0.798657152419677,-6.58474830142206,0.446438056089727,0.641734635128541,NA,NA,NA
162655,ZNF519,AAAGCCTTTAACAGGGGGTCATACCTTACTCAACACCAGAGAATCCATACCGGAGAGAAA,protein_coding,PRJNA215073,A/Anhui/01/2013 (H7N9) vs. mock infection,Calu-3,A/Anhui/01/2013 (H7N9),1,7,0.273529459249999,3.19369013007728,-3.13845042875258,0.0125673885036089,0.108842031860412,NA,NA,NA
162655,ZNF519,AAAGCCTTTAACAGGGGGTCATACCTTACTCAACACCAGAGAATCCATACCGGAGAGAAA,protein_coding,PRJNA215073,A/Netherland/219/2003 (H7N7) vs. mock infection,Calu-3,A/Netherland/219/2003 (H7N7),1,12,-0.188876720250001,-2.53158929129704,-4.80151284626869,0.0346004419098334,0.0870776305992611,NA,NA,NA
162655,ZNF519,AAAGCCTTTAACAGGGGGTCATACCTTACTCAACACCAGAGAATCCATACCGGAGAGAAA,protein_coding,PRJNA215073,A/Netherland/219/2003 (H7N7) vs. mock infection,Calu-3,A/Netherland/219/2003 (H7N7),1,24,-0.32601002675,-1.60953101633914,-6.60623473488562,0.147934563965278,0.175011021488723,NA,NA,NA
162655,ZNF519,AAAGCCTTTAACAGGGGGTCATACCTTACTCAACACCAGAGAATCCATACCGGAGAGAAA,protein_coding,PRJNA215073,A/Netherland/219/2003 (H7N7) vs. mock infection,Calu-3,A/Netherland/219/2003 (H7N7),1,3,0.4097653,4.415372,-1.638078,0.002119423,0.01446843,NA,NA,NA
162655,ZNF519,AAAGCCTTTAACAGGGGGTCATACCTTACTCAACACCAGAGAATCCATACCGGAGAGAAA,protein_coding,PRJNA215073,A/Netherland/219/2003 (H7N7) vs. mock infection,Calu-3,A/Netherland/219/2003 (H7N7),1,7,0.102739988499996,1.23042641312182,-6.02672362276952,0.25274416884804,0.509272154489627,NA,NA,NA
162655,ZNF519,AAAGCCTTTAACAGGGGGTCATACCTTACTCAACACCAGAGAATCCATACCGGAGAGAAA,protein_coding,PRJNA215073,A/Vietnam/1203/2004 (H5N1) vs. mock infection,Calu-3,A/Vietnam/1203/2004 (H5N1),1,12,-0.0375148575000015,-0.389102428141682,-7.28717592705486,0.70700479238754,0.823391204211227,NA,NA,NA
162655,ZNF519,AAAGCCTTTAACAGGGGGTCATACCTTACTCAACACCAGAGAATCCATACCGGAGAGAAA,protein_coding,PRJNA215073,A/Vietnam/1203/2004 (H5N1) vs. mock infection,Calu-3,A/Vietnam/1203/2004 (H5N1),1,24,-0.72572882075,-2.86308612837128,-4.73041693187988,0.0215111831186667,0.028957248154565,NA,NA,NA
162655,ZNF519,AAAGCCTTTAACAGGGGGTCATACCTTACTCAACACCAGAGAATCCATACCGGAGAGAAA,protein_coding,PRJNA215073,A/Vietnam/1203/2004 (H5N1) vs. mock infection,Calu-3,A/Vietnam/1203/2004 (H5N1),1,3,0.150238417083335,1.3422582811686,-6.24173435355445,0.221203546838822,0.397741253242996,NA,NA,NA
162655,ZNF519,AAAGCCTTTAACAGGGGGTCATACCTTACTCAACACCAGAGAATCCATACCGGAGAGAAA,protein_coding,PRJNA215073,A/Vietnam/1203/2004 (H5N1) vs. mock infection,Calu-3,A/Vietnam/1203/2004 (H5N1),1,7,-0.0823193314999999,-0.580470986359762,-5.3738238305584,0.576805646601203,0.864002624933894,NA,NA,NA
162655,ZNF519,AAAGCCTTTAACAGGGGGTCATACCTTACTCAACACCAGAGAATCCATACCGGAGAGAAA,protein_coding,PRJNA215073,A/Panama/2007/1999 (H3N2) vs. mock infection,Calu-3,A/Panama/2007/1999 (H3N2),1,12,-0.248518960499999,-2.23235590190591,-5.86328149375309,0.0554731544776143,0.0879078033816417,NA,NA,NA
162655,ZNF519,AAAGCCTTTAACAGGGGGTCATACCTTACTCAACACCAGAGAATCCATACCGGAGAGAAA,protein_coding,PRJNA215073,A/Panama/2007/1999 (H3N2) vs. mock infection,Calu-3,A/Panama/2007/1999 (H3N2),1,24,-1.02927309575,-6.30306526854481,0.155382487314078,0.000227981004645394,0.000820256947148527,NA,NA,NA
162655,ZNF519,AAAGCCTTTAACAGGGGGTCATACCTTACTCAACACCAGAGAATCCATACCGGAGAGAAA,protein_coding,PRJNA215073,A/Panama/2007/1999 (H3N2) vs. mock infection,Calu-3,A/Panama/2007/1999 (H3N2),1,3,0.42942812775,3.70767718913885,-2.67060962473593,0.00726762033740635,0.0428200727340526,NA,NA,NA
162655,ZNF519,AAAGCCTTTAACAGGGGGTCATACCTTACTCAACACCAGAGAATCCATACCGGAGAGAAA,protein_coding,PRJNA215073,A/Panama/2007/1999 (H3N2) vs. mock infection,Calu-3,A/Panama/2007/1999 (H3N2),1,7,-0.0160054222500001,-0.18721786394705,-6.82841002918341,0.856015223745557,0.919154911655149,NA,NA,NA
162655,ZNF519,NA,protein_coding,PRJNA349748,A/California/04/09 (H1N1) vs. mock infection,human tracheobronchial epithelial cells (HTBE),A/California/04/09 (H1N1),5,12,0.203880655,NA,NA,0.511716486,0.714843558,NA,NA,NA
162655,ZNF519,NA,protein_coding,PRJNA349748,A/California/04/09 (H1N1) vs. mock infection,human tracheobronchial epithelial cells (HTBE),A/California/04/09 (H1N1),5,18,0.660476421,NA,NA,0.039156628,0.092035239,NA,NA,NA
162655,ZNF519,NA,protein_coding,PRJNA349748,A/California/04/09 (H1N1) vs. mock infection,human tracheobronchial epithelial cells (HTBE),A/California/04/09 (H1N1),5,24,0.034894661,NA,NA,0.91529296,0.959508211,NA,NA,NA
162655,ZNF519,NA,protein_coding,PRJNA349748,A/California/04/09 (H1N1) vs. mock infection,human tracheobronchial epithelial cells (HTBE),A/California/04/09 (H1N1),5,3,-0.223847431,NA,NA,0.528314678,0.752279982,NA,NA,NA
162655,ZNF519,NA,protein_coding,PRJNA349748,A/California/04/09 (H1N1) vs. mock infection,human tracheobronchial epithelial cells (HTBE),A/California/04/09 (H1N1),5,6,0.264782076,NA,NA,0.424619621,1,NA,NA,NA
162655,ZNF519,NA,protein_coding,PRJNA349748,A/Wyoming/03/03 (H3N2) vs. mock infection,human tracheobronchial epithelial cells (HTBE),A/Wyoming/03/03 (H3N2),5,12,0.203564433,NA,NA,0.597557381,0.731980538,NA,NA,NA
162655,ZNF519,NA,protein_coding,PRJNA349748,A/Wyoming/03/03 (H3N2) vs. mock infection,human tracheobronchial epithelial cells (HTBE),A/Wyoming/03/03 (H3N2),5,18,0.91416653,NA,NA,0.02215608,0.056864941,NA,NA,NA
162655,ZNF519,NA,protein_coding,PRJNA349748,A/Wyoming/03/03 (H3N2) vs. mock infection,human tracheobronchial epithelial cells (HTBE),A/Wyoming/03/03 (H3N2),5,3,0.869799253,NA,NA,0.023560342,0.44371019,NA,NA,NA
162655,ZNF519,NA,protein_coding,PRJNA349748,A/Wyoming/03/03 (H3N2) vs. mock infection,human tracheobronchial epithelial cells (HTBE),A/Wyoming/03/03 (H3N2),5,6,0.446395621,NA,NA,0.250304353,0.66287718,NA,NA,NA
162655,ZNF519,NA,protein_coding,PRJNA349748,A/Vietnam/1203/04 (H5N1) HALo vs. mock infection,human tracheobronchial epithelial cells (HTBE),A/Vietnam/1203/04 (H5N1) HALo,5,12,1.081830021,NA,NA,0.006939687,0.012233327,NA,NA,NA
162655,ZNF519,NA,protein_coding,PRJNA349748,A/Vietnam/1203/04 (H5N1) HALo vs. mock infection,human tracheobronchial epithelial cells (HTBE),A/Vietnam/1203/04 (H5N1) HALo,5,18,1.796667452,NA,NA,3.87e-05,8.79e-05,NA,NA,NA
162655,ZNF519,NA,protein_coding,PRJNA349748,A/Vietnam/1203/04 (H5N1) HALo vs. mock infection,human tracheobronchial epithelial cells (HTBE),A/Vietnam/1203/04 (H5N1) HALo,5,3,0.137759381,NA,NA,0.76730289,1,NA,NA,NA
162655,ZNF519,NA,protein_coding,PRJNA349748,A/Vietnam/1203/04 (H5N1) HALo vs. mock infection,human tracheobronchial epithelial cells (HTBE),A/Vietnam/1203/04 (H5N1) HALo,5,6,0.820973862,NA,NA,0.050936725,0.096437121,NA,NA,NA
162655,ZNF519,NA,protein_coding,PRJNA382632,A/California/04/09 (H1N1) vs. mock infection,human monocyte-derived macrophages (MDM),A/California/04/09 (H1N1),2,12,0.00263751,NA,NA,0.996031277,1,NA,NA,NA
162655,ZNF519,NA,protein_coding,PRJNA382632,A/California/04/09 (H1N1) vs. mock infection,human monocyte-derived macrophages (MDM),A/California/04/09 (H1N1),2,18,-0.989455718,NA,NA,0.07132824,0.124806172,NA,NA,NA
162655,ZNF519,NA,protein_coding,PRJNA382632,A/California/04/09 (H1N1) vs. mock infection,human monocyte-derived macrophages (MDM),A/California/04/09 (H1N1),2,3,-0.442594266,NA,NA,0.40872741,1,NA,NA,NA
162655,ZNF519,NA,protein_coding,PRJNA382632,A/California/04/09 (H1N1) vs. mock infection,human monocyte-derived macrophages (MDM),A/California/04/09 (H1N1),2,6,-0.396534414,NA,NA,0.46673377,0.679588039,NA,NA,NA
162655,ZNF519,NA,protein_coding,PRJNA382632,A/Wyoming/03/03 (H3N2) vs. mock infection,human monocyte-derived macrophages (MDM),A/Wyoming/03/03 (H3N2),2,12,-1.463180652,NA,NA,0.027013534,0.046939208,NA,NA,NA
162655,ZNF519,NA,protein_coding,PRJNA382632,A/Wyoming/03/03 (H3N2) vs. mock infection,human monocyte-derived macrophages (MDM),A/Wyoming/03/03 (H3N2),2,18,-0.015935634,NA,NA,0.977998756,0.982261991,NA,NA,NA
162655,ZNF519,NA,protein_coding,PRJNA382632,A/Wyoming/03/03 (H3N2) vs. mock infection,human monocyte-derived macrophages (MDM),A/Wyoming/03/03 (H3N2),2,3,0.437404178,NA,NA,0.425181498,0.866964613,NA,NA,NA
162655,ZNF519,NA,protein_coding,PRJNA382632,A/Wyoming/03/03 (H3N2) vs. mock infection,human monocyte-derived macrophages (MDM),A/Wyoming/03/03 (H3N2),2,6,1.380483376,NA,NA,0.017207263,0.030267606,NA,NA,NA
162655,ZNF519,NA,protein_coding,PRJNA382632,A/Vietnam/1203/04 (H5N1) HALo vs. mock infection,human monocyte-derived macrophages (MDM),A/Vietnam/1203/04 (H5N1) HALo,2,12,2.158271926,NA,NA,0.000171167,0.000414935,NA,NA,NA
162655,ZNF519,NA,protein_coding,PRJNA382632,A/Vietnam/1203/04 (H5N1) HALo vs. mock infection,human monocyte-derived macrophages (MDM),A/Vietnam/1203/04 (H5N1) HALo,2,18,1.357925658,NA,NA,0.018794464,0.030630294,NA,NA,NA
162655,ZNF519,NA,protein_coding,PRJNA382632,A/Vietnam/1203/04 (H5N1) HALo vs. mock infection,human monocyte-derived macrophages (MDM),A/Vietnam/1203/04 (H5N1) HALo,2,3,-0.015363957,NA,NA,0.97888833,1,NA,NA,NA
162655,ZNF519,NA,protein_coding,PRJNA382632,A/Vietnam/1203/04 (H5N1) HALo vs. mock infection,human monocyte-derived macrophages (MDM),A/Vietnam/1203/04 (H5N1) HALo,2,6,-0.019447837,NA,NA,0.973712843,0.985450945,NA,NA,NA
162655,ZNF519,NA,protein_coding,PRJNA557257,A/Panama/2007/1999 (H3N2) vs. mock infection,lung explants,A/Panama/2007/1999 (H3N2),1E5 PFU/mL,24,-0.61575649487942,NA,NA,0.00351502285173765,0.0650121491543637,64.4729311944034,0.210969947597863,-2.91869293181574
162655,ZNF519,NA,protein_coding,PRJNA559077,A/swine/Zhejiang/04 (H3N2) vs. mock infection,A549,A/swine/Zhejiang/04 (H3N2),10,24,-1.38898887612998,NA,NA,3.96097611431643e-07,1.33404934171011e-06,215.309826865382,0.273917801651814,-5.07082368416337
162655,ZNF519,NA,protein_coding,PRJNA559077,A/Hangzhou/1/2013 (H7N9) vs. mock infection,A549,A/Hangzhou/1/2013 (H7N9),10,24,-0.321241690970953,NA,NA,0.20412911117097,0.363605824962634,215.309826865382,0.252971084990332,-1.26987513605845
162655,ZNF519,NA,protein_coding,PRJNA667475,A/WSN/1933 (H1N1) vs. mock infection,A549,A/WSN/1933 (H1N1),0.02,24,0.250008241463263,NA,NA,0.300136641006123,0.654305882223009,79.3163614803254,0.241287993809527,1.03614041260843
162655,ZNF519,NA,protein_coding,PRJNA795161,A/Oklahoma/447/2008 (H1N1) vs. mock infection,human bronchial epithelial cells (HBEC),A/Oklahoma/447/2008 (H1N1),N.A.,48,-0.187197453132469,NA,NA,0.690775782842858,0.937041238891697,16.983203580532,0.470578889233192,-0.397802488414869
