entrezID,gene_symbol,probe_seq,biotype,bioproject,res_design,host_type,virus_strain,M.O.I,H.P.I,log2FoldChange,t,B,pvalue,padj,baseMean,lfcSE,stat
255411,LOC255411,AAAGCGCGATGACCAGGTTTATGGATCACTCTATTCTCAATGACAGGACCTTCAGTCTGT,lncRNA,PRJNA139513,A/Vietnam/1203/2004(H5N1) vs. mock infection,Calu-3,A/Vietnam/1203/2004(H5N1),1,0,0.364491399,0.395540367436343,-5.4825689777851,0.706530314064277,0.923833071766048,NA,NA,NA
255411,LOC255411,AAAGCGCGATGACCAGGTTTATGGATCACTCTATTCTCAATGACAGGACCTTCAGTCTGT,lncRNA,PRJNA139513,A/Vietnam/1203/2004(H5N1) vs. mock infection,Calu-3,A/Vietnam/1203/2004(H5N1),1,12,1.05662867133333,1.29503420451987,-6.72438753931799,0.243213558818679,0.341154809209748,NA,NA,NA
255411,LOC255411,AAAGCGCGATGACCAGGTTTATGGATCACTCTATTCTCAATGACAGGACCTTCAGTCTGT,lncRNA,PRJNA139513,A/Vietnam/1203/2004(H5N1) vs. mock infection,Calu-3,A/Vietnam/1203/2004(H5N1),1,18,-0.332553679666666,-0.458786725546335,-7.10047120735428,0.662162389042907,0.755411719385984,NA,NA,NA
255411,LOC255411,AAAGCGCGATGACCAGGTTTATGGATCACTCTATTCTCAATGACAGGACCTTCAGTCTGT,lncRNA,PRJNA139513,A/Vietnam/1203/2004(H5N1) vs. mock infection,Calu-3,A/Vietnam/1203/2004(H5N1),1,24,0.795300848,1.38113262115074,-6.42867826973026,0.215426535414816,0.279430071298928,NA,NA,NA
255411,LOC255411,AAAGCGCGATGACCAGGTTTATGGATCACTCTATTCTCAATGACAGGACCTTCAGTCTGT,lncRNA,PRJNA139513,A/Vietnam/1203/2004(H5N1) vs. mock infection,Calu-3,A/Vietnam/1203/2004(H5N1),1,3,0.799923034333334,2.00447274411901,-4.04811814309998,0.0952574842455518,0.588855306395629,NA,NA,NA
255411,LOC255411,AAAGCGCGATGACCAGGTTTATGGATCACTCTATTCTCAATGACAGGACCTTCAGTCTGT,lncRNA,PRJNA139513,A/Vietnam/1203/2004(H5N1) vs. mock infection,Calu-3,A/Vietnam/1203/2004(H5N1),1,7,0.294387451,0.634816850542632,-7.02242157867878,0.549732010141281,0.708662960805751,NA,NA,NA
255411,LOC255411,AAAGCGCGATGACCAGGTTTATGGATCACTCTATTCTCAATGACAGGACCTTCAGTCTGT,lncRNA,PRJNA163315,A/California/04/09 (H1N1) vs. mock infection,Calu-3,A/California/04/09 (H1N1),3,0,-0.525503359333333,-1.78975115584686,-4.63988342315754,0.122739348600444,0.534620769435272,NA,NA,NA
255411,LOC255411,AAAGCGCGATGACCAGGTTTATGGATCACTCTATTCTCAATGACAGGACCTTCAGTCTGT,lncRNA,PRJNA163315,A/California/04/09 (H1N1) vs. mock infection,Calu-3,A/California/04/09 (H1N1),3,12,0.0605635903333335,0.247712601012121,-7.8470118034965,0.812619640051965,0.857677990686905,NA,NA,NA
255411,LOC255411,AAAGCGCGATGACCAGGTTTATGGATCACTCTATTCTCAATGACAGGACCTTCAGTCTGT,lncRNA,PRJNA163315,A/California/04/09 (H1N1) vs. mock infection,Calu-3,A/California/04/09 (H1N1),3,18,-0.0596080296666661,-0.0565783300062377,-7.80658150313781,0.956574213618728,0.96749586017176,NA,NA,NA
255411,LOC255411,AAAGCGCGATGACCAGGTTTATGGATCACTCTATTCTCAATGACAGGACCTTCAGTCTGT,lncRNA,PRJNA163315,A/California/04/09 (H1N1) vs. mock infection,Calu-3,A/California/04/09 (H1N1),3,24,0.870931302666667,2.27731314776185,-5.83811955655229,0.0646749353043615,0.113068926962109,NA,NA,NA
255411,LOC255411,AAAGCGCGATGACCAGGTTTATGGATCACTCTATTCTCAATGACAGGACCTTCAGTCTGT,lncRNA,PRJNA163315,A/California/04/09 (H1N1) vs. mock infection,Calu-3,A/California/04/09 (H1N1),3,30,1.52398702166667,3.15371067502638,-4.77786188862401,0.0204874075120768,0.0380978347881727,NA,NA,NA
255411,LOC255411,AAAGCGCGATGACCAGGTTTATGGATCACTCTATTCTCAATGACAGGACCTTCAGTCTGT,lncRNA,PRJNA163315,A/California/04/09 (H1N1) vs. mock infection,Calu-3,A/California/04/09 (H1N1),3,36,0.475140924333334,0.458380547370564,-7.56224722763393,0.663262143273449,0.753510474926976,NA,NA,NA
255411,LOC255411,AAAGCGCGATGACCAGGTTTATGGATCACTCTATTCTCAATGACAGGACCTTCAGTCTGT,lncRNA,PRJNA163315,A/California/04/09 (H1N1) vs. mock infection,Calu-3,A/California/04/09 (H1N1),3,3,0.328741946666667,0.555311601491795,-5.11252044678263,0.597890824757742,0.999999999999963,NA,NA,NA
255411,LOC255411,AAAGCGCGATGACCAGGTTTATGGATCACTCTATTCTCAATGACAGGACCTTCAGTCTGT,lncRNA,PRJNA163315,A/California/04/09 (H1N1) vs. mock infection,Calu-3,A/California/04/09 (H1N1),3,48,3.31684482366667,14.0227909741551,4.33602913395249,9.40584266491663e-06,0.000525574773213946,NA,NA,NA
255411,LOC255411,AAAGCGCGATGACCAGGTTTATGGATCACTCTATTCTCAATGACAGGACCTTCAGTCTGT,lncRNA,PRJNA163315,A/California/04/09 (H1N1) vs. mock infection,Calu-3,A/California/04/09 (H1N1),3,7,1.01288593233333,2.09379884612333,-5.74604035392226,0.0803067937800295,0.193346715854331,NA,NA,NA
255411,LOC255411,AAAGCGCGATGACCAGGTTTATGGATCACTCTATTCTCAATGACAGGACCTTCAGTCTGT,lncRNA,PRJNA175069,A/California/04/09 (H1N1) vs. mock infection,Calu-3,A/California/04/09 (H1N1),3,0,NA,NA,NA,NA,NA,NA,NA,NA
255411,LOC255411,AAAGCGCGATGACCAGGTTTATGGATCACTCTATTCTCAATGACAGGACCTTCAGTCTGT,lncRNA,PRJNA175069,A/California/04/09 (H1N1) vs. mock infection,Calu-3,A/California/04/09 (H1N1),3,12,NA,NA,NA,NA,NA,NA,NA,NA
255411,LOC255411,AAAGCGCGATGACCAGGTTTATGGATCACTCTATTCTCAATGACAGGACCTTCAGTCTGT,lncRNA,PRJNA175069,A/California/04/09 (H1N1) vs. mock infection,Calu-3,A/California/04/09 (H1N1),3,24,NA,NA,NA,NA,NA,NA,NA,NA
255411,LOC255411,AAAGCGCGATGACCAGGTTTATGGATCACTCTATTCTCAATGACAGGACCTTCAGTCTGT,lncRNA,PRJNA175069,A/California/04/09 (H1N1) vs. mock infection,Calu-3,A/California/04/09 (H1N1),3,48,NA,NA,NA,NA,NA,NA,NA,NA
255411,LOC255411,AAAGCGCGATGACCAGGTTTATGGATCACTCTATTCTCAATGACAGGACCTTCAGTCTGT,lncRNA,PRJNA175069,A/Netherlands/602/2009 (H1N1) vs. mock infection,Calu-3,A/Netherlands/602/2009 (H1N1),3,0,NA,NA,NA,NA,NA,NA,NA,NA
255411,LOC255411,AAAGCGCGATGACCAGGTTTATGGATCACTCTATTCTCAATGACAGGACCTTCAGTCTGT,lncRNA,PRJNA175069,A/Netherlands/602/2009 (H1N1) vs. mock infection,Calu-3,A/Netherlands/602/2009 (H1N1),3,12,NA,NA,NA,NA,NA,NA,NA,NA
255411,LOC255411,AAAGCGCGATGACCAGGTTTATGGATCACTCTATTCTCAATGACAGGACCTTCAGTCTGT,lncRNA,PRJNA175069,A/Netherlands/602/2009 (H1N1) vs. mock infection,Calu-3,A/Netherlands/602/2009 (H1N1),3,18,NA,NA,NA,NA,NA,NA,NA,NA
255411,LOC255411,AAAGCGCGATGACCAGGTTTATGGATCACTCTATTCTCAATGACAGGACCTTCAGTCTGT,lncRNA,PRJNA175069,A/Netherlands/602/2009 (H1N1) vs. mock infection,Calu-3,A/Netherlands/602/2009 (H1N1),3,24,NA,NA,NA,NA,NA,NA,NA,NA
255411,LOC255411,AAAGCGCGATGACCAGGTTTATGGATCACTCTATTCTCAATGACAGGACCTTCAGTCTGT,lncRNA,PRJNA175069,A/Netherlands/602/2009 (H1N1) vs. mock infection,Calu-3,A/Netherlands/602/2009 (H1N1),3,30,NA,NA,NA,NA,NA,NA,NA,NA
255411,LOC255411,AAAGCGCGATGACCAGGTTTATGGATCACTCTATTCTCAATGACAGGACCTTCAGTCTGT,lncRNA,PRJNA175069,A/Netherlands/602/2009 (H1N1) vs. mock infection,Calu-3,A/Netherlands/602/2009 (H1N1),3,36,NA,NA,NA,NA,NA,NA,NA,NA
255411,LOC255411,AAAGCGCGATGACCAGGTTTATGGATCACTCTATTCTCAATGACAGGACCTTCAGTCTGT,lncRNA,PRJNA175069,A/Netherlands/602/2009 (H1N1) vs. mock infection,Calu-3,A/Netherlands/602/2009 (H1N1),3,3,NA,NA,NA,NA,NA,NA,NA,NA
255411,LOC255411,AAAGCGCGATGACCAGGTTTATGGATCACTCTATTCTCAATGACAGGACCTTCAGTCTGT,lncRNA,PRJNA175069,A/Netherlands/602/2009 (H1N1) vs. mock infection,Calu-3,A/Netherlands/602/2009 (H1N1),3,48,NA,NA,NA,NA,NA,NA,NA,NA
255411,LOC255411,AAAGCGCGATGACCAGGTTTATGGATCACTCTATTCTCAATGACAGGACCTTCAGTCTGT,lncRNA,PRJNA175069,A/Netherlands/602/2009 (H1N1) vs. mock infection,Calu-3,A/Netherlands/602/2009 (H1N1),3,7,NA,NA,NA,NA,NA,NA,NA,NA
255411,LOC255411,AAAGCGCGATGACCAGGTTTATGGATCACTCTATTCTCAATGACAGGACCTTCAGTCTGT,lncRNA,PRJNA215073,A/Anhui/01/2013 (H7N9) vs. mock infection,Calu-3,A/Anhui/01/2013 (H7N9),1,12,NA,NA,NA,NA,NA,NA,NA,NA
255411,LOC255411,AAAGCGCGATGACCAGGTTTATGGATCACTCTATTCTCAATGACAGGACCTTCAGTCTGT,lncRNA,PRJNA215073,A/Anhui/01/2013 (H7N9) vs. mock infection,Calu-3,A/Anhui/01/2013 (H7N9),1,24,NA,NA,NA,NA,NA,NA,NA,NA
255411,LOC255411,AAAGCGCGATGACCAGGTTTATGGATCACTCTATTCTCAATGACAGGACCTTCAGTCTGT,lncRNA,PRJNA215073,A/Anhui/01/2013 (H7N9) vs. mock infection,Calu-3,A/Anhui/01/2013 (H7N9),1,3,NA,NA,NA,NA,NA,NA,NA,NA
255411,LOC255411,AAAGCGCGATGACCAGGTTTATGGATCACTCTATTCTCAATGACAGGACCTTCAGTCTGT,lncRNA,PRJNA215073,A/Anhui/01/2013 (H7N9) vs. mock infection,Calu-3,A/Anhui/01/2013 (H7N9),1,7,NA,NA,NA,NA,NA,NA,NA,NA
255411,LOC255411,AAAGCGCGATGACCAGGTTTATGGATCACTCTATTCTCAATGACAGGACCTTCAGTCTGT,lncRNA,PRJNA215073,A/Netherland/219/2003 (H7N7) vs. mock infection,Calu-3,A/Netherland/219/2003 (H7N7),1,12,NA,NA,NA,NA,NA,NA,NA,NA
255411,LOC255411,AAAGCGCGATGACCAGGTTTATGGATCACTCTATTCTCAATGACAGGACCTTCAGTCTGT,lncRNA,PRJNA215073,A/Netherland/219/2003 (H7N7) vs. mock infection,Calu-3,A/Netherland/219/2003 (H7N7),1,24,NA,NA,NA,NA,NA,NA,NA,NA
255411,LOC255411,AAAGCGCGATGACCAGGTTTATGGATCACTCTATTCTCAATGACAGGACCTTCAGTCTGT,lncRNA,PRJNA215073,A/Netherland/219/2003 (H7N7) vs. mock infection,Calu-3,A/Netherland/219/2003 (H7N7),1,3,NA,NA,NA,NA,NA,NA,NA,NA
255411,LOC255411,AAAGCGCGATGACCAGGTTTATGGATCACTCTATTCTCAATGACAGGACCTTCAGTCTGT,lncRNA,PRJNA215073,A/Netherland/219/2003 (H7N7) vs. mock infection,Calu-3,A/Netherland/219/2003 (H7N7),1,7,NA,NA,NA,NA,NA,NA,NA,NA
255411,LOC255411,AAAGCGCGATGACCAGGTTTATGGATCACTCTATTCTCAATGACAGGACCTTCAGTCTGT,lncRNA,PRJNA215073,A/Vietnam/1203/2004 (H5N1) vs. mock infection,Calu-3,A/Vietnam/1203/2004 (H5N1),1,12,NA,NA,NA,NA,NA,NA,NA,NA
255411,LOC255411,AAAGCGCGATGACCAGGTTTATGGATCACTCTATTCTCAATGACAGGACCTTCAGTCTGT,lncRNA,PRJNA215073,A/Vietnam/1203/2004 (H5N1) vs. mock infection,Calu-3,A/Vietnam/1203/2004 (H5N1),1,24,NA,NA,NA,NA,NA,NA,NA,NA
255411,LOC255411,AAAGCGCGATGACCAGGTTTATGGATCACTCTATTCTCAATGACAGGACCTTCAGTCTGT,lncRNA,PRJNA215073,A/Vietnam/1203/2004 (H5N1) vs. mock infection,Calu-3,A/Vietnam/1203/2004 (H5N1),1,3,NA,NA,NA,NA,NA,NA,NA,NA
255411,LOC255411,AAAGCGCGATGACCAGGTTTATGGATCACTCTATTCTCAATGACAGGACCTTCAGTCTGT,lncRNA,PRJNA215073,A/Vietnam/1203/2004 (H5N1) vs. mock infection,Calu-3,A/Vietnam/1203/2004 (H5N1),1,7,NA,NA,NA,NA,NA,NA,NA,NA
255411,LOC255411,AAAGCGCGATGACCAGGTTTATGGATCACTCTATTCTCAATGACAGGACCTTCAGTCTGT,lncRNA,PRJNA215073,A/Panama/2007/1999 (H3N2) vs. mock infection,Calu-3,A/Panama/2007/1999 (H3N2),1,12,NA,NA,NA,NA,NA,NA,NA,NA
255411,LOC255411,AAAGCGCGATGACCAGGTTTATGGATCACTCTATTCTCAATGACAGGACCTTCAGTCTGT,lncRNA,PRJNA215073,A/Panama/2007/1999 (H3N2) vs. mock infection,Calu-3,A/Panama/2007/1999 (H3N2),1,24,NA,NA,NA,NA,NA,NA,NA,NA
255411,LOC255411,AAAGCGCGATGACCAGGTTTATGGATCACTCTATTCTCAATGACAGGACCTTCAGTCTGT,lncRNA,PRJNA215073,A/Panama/2007/1999 (H3N2) vs. mock infection,Calu-3,A/Panama/2007/1999 (H3N2),1,3,NA,NA,NA,NA,NA,NA,NA,NA
255411,LOC255411,AAAGCGCGATGACCAGGTTTATGGATCACTCTATTCTCAATGACAGGACCTTCAGTCTGT,lncRNA,PRJNA215073,A/Panama/2007/1999 (H3N2) vs. mock infection,Calu-3,A/Panama/2007/1999 (H3N2),1,7,NA,NA,NA,NA,NA,NA,NA,NA
255411,TEX49,NA,protein_coding,PRJNA557257,A/Panama/2007/1999 (H3N2) vs. mock infection,lung explants,A/Panama/2007/1999 (H3N2),1E5 PFU/mL,24,0.891016270204941,NA,NA,0.0870589176920286,0.526454350923765,3.77770684824618,0.520721014801022,1.71112024458129
255411,TEX49,NA,protein_coding,PRJNA559077,A/swine/Zhejiang/04 (H3N2) vs. mock infection,A549,A/swine/Zhejiang/04 (H3N2),10,24,4.9794378452915,NA,NA,3.21099420212593e-23,3.06921399808612e-22,85.8322183066324,0.501659641675004,9.92592872064718
255411,TEX49,NA,protein_coding,PRJNA559077,A/Hangzhou/1/2013 (H7N9) vs. mock infection,A549,A/Hangzhou/1/2013 (H7N9),10,24,2.66440293261173,NA,NA,1.97266161836874e-07,2.02901708636771e-06,85.8322183066324,0.512198474962993,5.20189548163773
255411,TEX49,NA,protein_coding,PRJNA667475,A/WSN/1933 (H1N1) vs. mock infection,A549,A/WSN/1933 (H1N1),0.02,24,0.31201090219925,NA,NA,0.828489937030079,0.92573837454906,1.97778318097612,1.44023633336685,0.216638682812467
255411,TEX49,NA,protein_coding,PRJNA795161,A/Oklahoma/447/2008 (H1N1) vs. mock infection,human bronchial epithelial cells (HBEC),A/Oklahoma/447/2008 (H1N1),N.A.,48,-2.96902289418577,NA,NA,0.13456636024202,0.362058158316745,1.24832800755306,1.98419655580064,-1.49633507099186
