entrezID,gene_symbol,probe_seq,biotype,bioproject,res_design,host_type,virus_strain,M.O.I,H.P.I,log2FoldChange,t,B,pvalue,padj,baseMean,lfcSE,stat
7158,TP53BP1,CAGCCTCTGTGAAGCAGCACCATTCAAGTGCCCATAACAAAGATATTGCTTTAGGGGTAT,protein_coding,PRJNA139513,A/Vietnam/1203/2004(H5N1) vs. mock infection,Calu-3,A/Vietnam/1203/2004(H5N1),1,0,-0.0401311386666645,-0.545112908185052,-5.41513127849326,0.605911602961662,0.891842526374429,NA,NA,NA
7158,TP53BP1,CAGCCTCTGTGAAGCAGCACCATTCAAGTGCCCATAACAAAGATATTGCTTTAGGGGTAT,protein_coding,PRJNA139513,A/Vietnam/1203/2004(H5N1) vs. mock infection,Calu-3,A/Vietnam/1203/2004(H5N1),1,12,-2.11718321366667,-15.1843392339224,4.89921904105406,5.45501459470697e-06,0.000212209302422497,NA,NA,NA
7158,TP53BP1,CAGCCTCTGTGAAGCAGCACCATTCAAGTGCCCATAACAAAGATATTGCTTTAGGGGTAT,protein_coding,PRJNA139513,A/Vietnam/1203/2004(H5N1) vs. mock infection,Calu-3,A/Vietnam/1203/2004(H5N1),1,18,-2.32770750433333,-9.74084519992003,2.50559436842905,5.80000993928042e-05,0.000905017919379686,NA,NA,NA
7158,TP53BP1,CAGCCTCTGTGAAGCAGCACCATTCAAGTGCCCATAACAAAGATATTGCTTTAGGGGTAT,protein_coding,PRJNA139513,A/Vietnam/1203/2004(H5N1) vs. mock infection,Calu-3,A/Vietnam/1203/2004(H5N1),1,24,-1.93030723433334,-9.49873191504405,2.24560036163991,6.78263803225658e-05,0.000455735356486209,NA,NA,NA
7158,TP53BP1,CAGCCTCTGTGAAGCAGCACCATTCAAGTGCCCATAACAAAGATATTGCTTTAGGGGTAT,protein_coding,PRJNA139513,A/Vietnam/1203/2004(H5N1) vs. mock infection,Calu-3,A/Vietnam/1203/2004(H5N1),1,3,-0.241275332999994,-2.55689188174914,-3.57169558831728,0.0458315987529039,0.57517005211322,NA,NA,NA
7158,TP53BP1,CAGCCTCTGTGAAGCAGCACCATTCAAGTGCCCATAACAAAGATATTGCTTTAGGGGTAT,protein_coding,PRJNA139513,A/Vietnam/1203/2004(H5N1) vs. mock infection,Calu-3,A/Vietnam/1203/2004(H5N1),1,7,-0.995297079333335,-7.44385842021334,0.608618682538126,0.000353130193375173,0.00677042084033756,NA,NA,NA
7158,TP53BP1,CAGCCTCTGTGAAGCAGCACCATTCAAGTGCCCATAACAAAGATATTGCTTTAGGGGTAT,protein_coding,PRJNA163315,A/California/04/09 (H1N1) vs. mock infection,Calu-3,A/California/04/09 (H1N1),3,0,0.0680000226666646,0.970676180466886,-5.5562255437248,0.368502662916213,0.706462107707725,NA,NA,NA
7158,TP53BP1,CAGCCTCTGTGAAGCAGCACCATTCAAGTGCCCATAACAAAGATATTGCTTTAGGGGTAT,protein_coding,PRJNA163315,A/California/04/09 (H1N1) vs. mock infection,Calu-3,A/California/04/09 (H1N1),3,12,-0.613689388666666,-5.37723088897564,-1.74307073904599,0.00170249773250204,0.00796380946555395,NA,NA,NA
7158,TP53BP1,CAGCCTCTGTGAAGCAGCACCATTCAAGTGCCCATAACAAAGATATTGCTTTAGGGGTAT,protein_coding,PRJNA163315,A/California/04/09 (H1N1) vs. mock infection,Calu-3,A/California/04/09 (H1N1),3,18,-0.774461877999999,-6.05665019016337,-0.729768656162253,0.000670442405629299,0.00353011354825551,NA,NA,NA
7158,TP53BP1,CAGCCTCTGTGAAGCAGCACCATTCAAGTGCCCATAACAAAGATATTGCTTTAGGGGTAT,protein_coding,PRJNA163315,A/California/04/09 (H1N1) vs. mock infection,Calu-3,A/California/04/09 (H1N1),3,24,-0.90384148133333,-14.2381281743989,4.02401468213689,1.01282519942101e-05,0.000289269694909926,NA,NA,NA
7158,TP53BP1,CAGCCTCTGTGAAGCAGCACCATTCAAGTGCCCATAACAAAGATATTGCTTTAGGGGTAT,protein_coding,PRJNA163315,A/California/04/09 (H1N1) vs. mock infection,Calu-3,A/California/04/09 (H1N1),3,30,-0.820528081333334,-11.9838005343126,2.84268717455304,2.50509223148716e-05,0.000272617951415132,NA,NA,NA
7158,TP53BP1,CAGCCTCTGTGAAGCAGCACCATTCAAGTGCCCATAACAAAGATATTGCTTTAGGGGTAT,protein_coding,PRJNA163315,A/California/04/09 (H1N1) vs. mock infection,Calu-3,A/California/04/09 (H1N1),3,36,-0.721130266333333,-5.49801284410363,-1.49617733568055,0.00166502127523087,0.00897202724261688,NA,NA,NA
7158,TP53BP1,CAGCCTCTGTGAAGCAGCACCATTCAAGTGCCCATAACAAAGATATTGCTTTAGGGGTAT,protein_coding,PRJNA163315,A/California/04/09 (H1N1) vs. mock infection,Calu-3,A/California/04/09 (H1N1),3,3,0.087786564,1.17363844523406,-4.73039324921195,0.283117055118787,0.999999999999963,NA,NA,NA
7158,TP53BP1,CAGCCTCTGTGAAGCAGCACCATTCAAGTGCCCATAACAAAGATATTGCTTTAGGGGTAT,protein_coding,PRJNA163315,A/California/04/09 (H1N1) vs. mock infection,Calu-3,A/California/04/09 (H1N1),3,48,-0.732952754333335,-5.2023400842641,-1.68482266514,0.00211653125303504,0.0105060884011876,NA,NA,NA
7158,TP53BP1,CAGCCTCTGTGAAGCAGCACCATTCAAGTGCCCATAACAAAGATATTGCTTTAGGGGTAT,protein_coding,PRJNA163315,A/California/04/09 (H1N1) vs. mock infection,Calu-3,A/California/04/09 (H1N1),3,7,-0.267996522666667,-3.25882461590108,-4.09541502790178,0.016816422060758,0.0714724016705377,NA,NA,NA
7158,TP53BP1,CAGCCTCTGTGAAGCAGCACCATTCAAGTGCCCATAACAAAGATATTGCTTTAGGGGTAT,protein_coding,PRJNA175069,A/California/04/09 (H1N1) vs. mock infection,Calu-3,A/California/04/09 (H1N1),3,0,-0.0739063549999965,-1.04585739622148,-5.3531406639245,0.337567342070683,0.903132348922048,NA,NA,NA
7158,TP53BP1,CAGCCTCTGTGAAGCAGCACCATTCAAGTGCCCATAACAAAGATATTGCTTTAGGGGTAT,protein_coding,PRJNA175069,A/California/04/09 (H1N1) vs. mock infection,Calu-3,A/California/04/09 (H1N1),3,12,-0.281564525666665,-2.75749833272402,-4.5669465833153,0.032845232856463,0.0674114299903892,NA,NA,NA
7158,TP53BP1,CAGCCTCTGTGAAGCAGCACCATTCAAGTGCCCATAACAAAGATATTGCTTTAGGGGTAT,protein_coding,PRJNA175069,A/California/04/09 (H1N1) vs. mock infection,Calu-3,A/California/04/09 (H1N1),3,24,-0.338192574666667,-6.24087936858954,-0.903697734809799,0.000770117186976506,0.00586582026219715,NA,NA,NA
7158,TP53BP1,CAGCCTCTGTGAAGCAGCACCATTCAAGTGCCCATAACAAAGATATTGCTTTAGGGGTAT,protein_coding,PRJNA175069,A/California/04/09 (H1N1) vs. mock infection,Calu-3,A/California/04/09 (H1N1),3,48,-0.318742952666668,-4.35029213440274,-2.67917994570345,0.00452604496596725,0.0195766986677711,NA,NA,NA
7158,TP53BP1,CAGCCTCTGTGAAGCAGCACCATTCAAGTGCCCATAACAAAGATATTGCTTTAGGGGTAT,protein_coding,PRJNA175069,A/Netherlands/602/2009 (H1N1) vs. mock infection,Calu-3,A/Netherlands/602/2009 (H1N1),3,0,-0.021693538000001,-0.299277732421903,-6.01641831433611,0.775046358181695,0.931435964560034,NA,NA,NA
7158,TP53BP1,CAGCCTCTGTGAAGCAGCACCATTCAAGTGCCCATAACAAAGATATTGCTTTAGGGGTAT,protein_coding,PRJNA175069,A/Netherlands/602/2009 (H1N1) vs. mock infection,Calu-3,A/Netherlands/602/2009 (H1N1),3,12,-0.135749718000001,-1.21367286245405,-6.37029608498316,0.270484812617138,0.439919600043672,NA,NA,NA
7158,TP53BP1,CAGCCTCTGTGAAGCAGCACCATTCAAGTGCCCATAACAAAGATATTGCTTTAGGGGTAT,protein_coding,PRJNA175069,A/Netherlands/602/2009 (H1N1) vs. mock infection,Calu-3,A/Netherlands/602/2009 (H1N1),3,18,-0.329514165000001,-3.1851693175381,-3.94690919273366,0.0179632385639967,0.123023288416967,NA,NA,NA
7158,TP53BP1,CAGCCTCTGTGAAGCAGCACCATTCAAGTGCCCATAACAAAGATATTGCTTTAGGGGTAT,protein_coding,PRJNA175069,A/Netherlands/602/2009 (H1N1) vs. mock infection,Calu-3,A/Netherlands/602/2009 (H1N1),3,24,-0.340616285666666,-3.72877738570605,-3.49005898223955,0.00977079526056039,0.0466898169902676,NA,NA,NA
7158,TP53BP1,CAGCCTCTGTGAAGCAGCACCATTCAAGTGCCCATAACAAAGATATTGCTTTAGGGGTAT,protein_coding,PRJNA175069,A/Netherlands/602/2009 (H1N1) vs. mock infection,Calu-3,A/Netherlands/602/2009 (H1N1),3,30,-0.519248673000003,-8.06660319935705,0.624869108388617,0.000209271047325624,0.00183235041044732,NA,NA,NA
7158,TP53BP1,CAGCCTCTGTGAAGCAGCACCATTCAAGTGCCCATAACAAAGATATTGCTTTAGGGGTAT,protein_coding,PRJNA175069,A/Netherlands/602/2009 (H1N1) vs. mock infection,Calu-3,A/Netherlands/602/2009 (H1N1),3,36,-0.337130941999998,-5.76446451224539,-1.534583295835,0.00134939065430119,0.00583500643728516,NA,NA,NA
7158,TP53BP1,CAGCCTCTGTGAAGCAGCACCATTCAAGTGCCCATAACAAAGATATTGCTTTAGGGGTAT,protein_coding,PRJNA175069,A/Netherlands/602/2009 (H1N1) vs. mock infection,Calu-3,A/Netherlands/602/2009 (H1N1),3,3,0.0635407386666635,0.736636543846787,-5.49247206251803,0.48871013979752,0.9281900965029,NA,NA,NA
7158,TP53BP1,CAGCCTCTGTGAAGCAGCACCATTCAAGTGCCCATAACAAAGATATTGCTTTAGGGGTAT,protein_coding,PRJNA175069,A/Netherlands/602/2009 (H1N1) vs. mock infection,Calu-3,A/Netherlands/602/2009 (H1N1),3,48,-0.360999580333335,-3.78873391703579,-3.38543725366294,0.0084551370829858,0.0286546012118687,NA,NA,NA
7158,TP53BP1,CAGCCTCTGTGAAGCAGCACCATTCAAGTGCCCATAACAAAGATATTGCTTTAGGGGTAT,protein_coding,PRJNA175069,A/Netherlands/602/2009 (H1N1) vs. mock infection,Calu-3,A/Netherlands/602/2009 (H1N1),3,7,-0.201681606999998,-2.38509572054088,-3.83092160513702,0.0532261640857523,0.30280307384355,NA,NA,NA
7158,TP53BP1,CAGCCTCTGTGAAGCAGCACCATTCAAGTGCCCATAACAAAGATATTGCTTTAGGGGTAT,protein_coding,PRJNA215073,A/Anhui/01/2013 (H7N9) vs. mock infection,Calu-3,A/Anhui/01/2013 (H7N9),1,12,-0.848971915749997,-8.21077677548335,2.64626584937554,2.5734238169785e-05,0.000386660619868553,NA,NA,NA
7158,TP53BP1,CAGCCTCTGTGAAGCAGCACCATTCAAGTGCCCATAACAAAGATATTGCTTTAGGGGTAT,protein_coding,PRJNA215073,A/Anhui/01/2013 (H7N9) vs. mock infection,Calu-3,A/Anhui/01/2013 (H7N9),1,24,-1.70738677675,-12.2953783644136,5.56632224687911,1.43709514671786e-06,7.77200738680609e-06,NA,NA,NA
7158,TP53BP1,CAGCCTCTGTGAAGCAGCACCATTCAAGTGCCCATAACAAAGATATTGCTTTAGGGGTAT,protein_coding,PRJNA215073,A/Anhui/01/2013 (H7N9) vs. mock infection,Calu-3,A/Anhui/01/2013 (H7N9),1,3,-0.0867373135000022,-0.88861494261717,-6.50727838445089,0.398893021077684,0.600752603311756,NA,NA,NA
7158,TP53BP1,CAGCCTCTGTGAAGCAGCACCATTCAAGTGCCCATAACAAAGATATTGCTTTAGGGGTAT,protein_coding,PRJNA215073,A/Anhui/01/2013 (H7N9) vs. mock infection,Calu-3,A/Anhui/01/2013 (H7N9),1,7,-0.429248190999997,-4.2600083677851,-1.55552155938964,0.00269896424476445,0.0499740459063667,NA,NA,NA
7158,TP53BP1,CAGCCTCTGTGAAGCAGCACCATTCAAGTGCCCATAACAAAGATATTGCTTTAGGGGTAT,protein_coding,PRJNA215073,A/Netherland/219/2003 (H7N7) vs. mock infection,Calu-3,A/Netherland/219/2003 (H7N7),1,12,-0.391396379,-2.46613989417709,-4.90493903661433,0.038352381280184,0.0941330023283453,NA,NA,NA
7158,TP53BP1,CAGCCTCTGTGAAGCAGCACCATTCAAGTGCCCATAACAAAGATATTGCTTTAGGGGTAT,protein_coding,PRJNA215073,A/Netherland/219/2003 (H7N7) vs. mock infection,Calu-3,A/Netherland/219/2003 (H7N7),1,24,-2.8266453865,-15.3706214147773,6.90927368677084,5.07147691924013e-07,4.66519541688907e-06,NA,NA,NA
7158,TP53BP1,CAGCCTCTGTGAAGCAGCACCATTCAAGTGCCCATAACAAAGATATTGCTTTAGGGGTAT,protein_coding,PRJNA215073,A/Netherland/219/2003 (H7N7) vs. mock infection,Calu-3,A/Netherland/219/2003 (H7N7),1,3,0.09317119,1.095724,-6.545952,0.3043921,0.4323418,NA,NA,NA
7158,TP53BP1,CAGCCTCTGTGAAGCAGCACCATTCAAGTGCCCATAACAAAGATATTGCTTTAGGGGTAT,protein_coding,PRJNA215073,A/Netherland/219/2003 (H7N7) vs. mock infection,Calu-3,A/Netherland/219/2003 (H7N7),1,7,-0.362399416250001,-3.45223898957996,-2.75093771438737,0.00837589118830682,0.0778639955727556,NA,NA,NA
7158,TP53BP1,CAGCCTCTGTGAAGCAGCACCATTCAAGTGCCCATAACAAAGATATTGCTTTAGGGGTAT,protein_coding,PRJNA215073,A/Vietnam/1203/2004 (H5N1) vs. mock infection,Calu-3,A/Vietnam/1203/2004 (H5N1),1,12,-0.429649960000001,-3.69970674671483,-2.87177111190381,0.00567902450696642,0.0406512434067136,NA,NA,NA
7158,TP53BP1,CAGCCTCTGTGAAGCAGCACCATTCAAGTGCCCATAACAAAGATATTGCTTTAGGGGTAT,protein_coding,PRJNA215073,A/Vietnam/1203/2004 (H5N1) vs. mock infection,Calu-3,A/Vietnam/1203/2004 (H5N1),1,24,-3.41827777875,-12.8698767880036,5.66828334418979,1.51156629309959e-06,9.01996404476673e-06,NA,NA,NA
7158,TP53BP1,CAGCCTCTGTGAAGCAGCACCATTCAAGTGCCCATAACAAAGATATTGCTTTAGGGGTAT,protein_coding,PRJNA215073,A/Vietnam/1203/2004 (H5N1) vs. mock infection,Calu-3,A/Vietnam/1203/2004 (H5N1),1,3,-0.00285370633333493,-0.0198069275911256,-7.15135523676709,0.984747360901181,0.991905476468164,NA,NA,NA
7158,TP53BP1,CAGCCTCTGTGAAGCAGCACCATTCAAGTGCCCATAACAAAGATATTGCTTTAGGGGTAT,protein_coding,PRJNA215073,A/Vietnam/1203/2004 (H5N1) vs. mock infection,Calu-3,A/Vietnam/1203/2004 (H5N1),1,7,-0.20582968375,-1.33486262400337,-4.7768272580913,0.216902272028134,0.657666918660624,NA,NA,NA
7158,TP53BP1,CAGCCTCTGTGAAGCAGCACCATTCAAGTGCCCATAACAAAGATATTGCTTTAGGGGTAT,protein_coding,PRJNA215073,A/Panama/2007/1999 (H3N2) vs. mock infection,Calu-3,A/Panama/2007/1999 (H3N2),1,12,-0.685279077499995,-7.25164871591932,1.11831699691393,7.97994186316926e-05,0.000556304584988902,NA,NA,NA
7158,TP53BP1,CAGCCTCTGTGAAGCAGCACCATTCAAGTGCCCATAACAAAGATATTGCTTTAGGGGTAT,protein_coding,PRJNA215073,A/Panama/2007/1999 (H3N2) vs. mock infection,Calu-3,A/Panama/2007/1999 (H3N2),1,24,-1.34936523875,-7.39488837007221,1.37373146410165,7.49380717331026e-05,0.000351053377978529,NA,NA,NA
7158,TP53BP1,CAGCCTCTGTGAAGCAGCACCATTCAAGTGCCCATAACAAAGATATTGCTTTAGGGGTAT,protein_coding,PRJNA215073,A/Panama/2007/1999 (H3N2) vs. mock infection,Calu-3,A/Panama/2007/1999 (H3N2),1,3,-0.026433223999998,-0.245733533161377,-6.94328831064017,0.812778770713549,0.889770894251982,NA,NA,NA
7158,TP53BP1,CAGCCTCTGTGAAGCAGCACCATTCAAGTGCCCATAACAAAGATATTGCTTTAGGGGTAT,protein_coding,PRJNA215073,A/Panama/2007/1999 (H3N2) vs. mock infection,Calu-3,A/Panama/2007/1999 (H3N2),1,7,-0.550928599749998,-5.27551396054555,-0.194233423118666,0.00068008226910284,0.0158691296487409,NA,NA,NA
7158,TP53BP1,NA,protein_coding,PRJNA349748,A/California/04/09 (H1N1) vs. mock infection,human tracheobronchial epithelial cells (HTBE),A/California/04/09 (H1N1),5,12,-0.133769676,NA,NA,0.241886336,0.47175323,NA,NA,NA
7158,TP53BP1,NA,protein_coding,PRJNA349748,A/California/04/09 (H1N1) vs. mock infection,human tracheobronchial epithelial cells (HTBE),A/California/04/09 (H1N1),5,18,-0.230094442,NA,NA,0.044848458,0.10190493,NA,NA,NA
7158,TP53BP1,NA,protein_coding,PRJNA349748,A/California/04/09 (H1N1) vs. mock infection,human tracheobronchial epithelial cells (HTBE),A/California/04/09 (H1N1),5,24,-0.304387898,NA,NA,0.008474481,0.041397155,NA,NA,NA
7158,TP53BP1,NA,protein_coding,PRJNA349748,A/California/04/09 (H1N1) vs. mock infection,human tracheobronchial epithelial cells (HTBE),A/California/04/09 (H1N1),5,3,-0.306162247,NA,NA,0.009636206,0.136972418,NA,NA,NA
7158,TP53BP1,NA,protein_coding,PRJNA349748,A/California/04/09 (H1N1) vs. mock infection,human tracheobronchial epithelial cells (HTBE),A/California/04/09 (H1N1),5,6,0.000970322,NA,NA,0.993373646,1,NA,NA,NA
7158,TP53BP1,NA,protein_coding,PRJNA349748,A/Wyoming/03/03 (H3N2) vs. mock infection,human tracheobronchial epithelial cells (HTBE),A/Wyoming/03/03 (H3N2),5,12,-0.829267741,NA,NA,1.22e-08,2.58e-07,NA,NA,NA
7158,TP53BP1,NA,protein_coding,PRJNA349748,A/Wyoming/03/03 (H3N2) vs. mock infection,human tracheobronchial epithelial cells (HTBE),A/Wyoming/03/03 (H3N2),5,18,-0.848164356,NA,NA,8.26e-09,1.25e-07,NA,NA,NA
7158,TP53BP1,NA,protein_coding,PRJNA349748,A/Wyoming/03/03 (H3N2) vs. mock infection,human tracheobronchial epithelial cells (HTBE),A/Wyoming/03/03 (H3N2),5,3,-0.052868038,NA,NA,0.704772625,0.997855584,NA,NA,NA
7158,TP53BP1,NA,protein_coding,PRJNA349748,A/Wyoming/03/03 (H3N2) vs. mock infection,human tracheobronchial epithelial cells (HTBE),A/Wyoming/03/03 (H3N2),5,6,-0.432781074,NA,NA,0.002222691,0.036829417,NA,NA,NA
7158,TP53BP1,NA,protein_coding,PRJNA349748,A/Vietnam/1203/04 (H5N1) HALo vs. mock infection,human tracheobronchial epithelial cells (HTBE),A/Vietnam/1203/04 (H5N1) HALo,5,12,-1.732847946,NA,NA,1.01e-28,2.02e-27,NA,NA,NA
7158,TP53BP1,NA,protein_coding,PRJNA349748,A/Vietnam/1203/04 (H5N1) HALo vs. mock infection,human tracheobronchial epithelial cells (HTBE),A/Vietnam/1203/04 (H5N1) HALo,5,18,-1.349651223,NA,NA,1e-16,6.52e-16,NA,NA,NA
7158,TP53BP1,NA,protein_coding,PRJNA349748,A/Vietnam/1203/04 (H5N1) HALo vs. mock infection,human tracheobronchial epithelial cells (HTBE),A/Vietnam/1203/04 (H5N1) HALo,5,3,-0.081889761,NA,NA,0.550452432,1,NA,NA,NA
7158,TP53BP1,NA,protein_coding,PRJNA349748,A/Vietnam/1203/04 (H5N1) HALo vs. mock infection,human tracheobronchial epithelial cells (HTBE),A/Vietnam/1203/04 (H5N1) HALo,5,6,-1.344980932,NA,NA,1.32e-18,5.15e-17,NA,NA,NA
7158,TP53BP1,NA,protein_coding,PRJNA382632,A/California/04/09 (H1N1) vs. mock infection,human monocyte-derived macrophages (MDM),A/California/04/09 (H1N1),2,12,-0.633933059,NA,NA,2.81e-05,0.000110226,NA,NA,NA
7158,TP53BP1,NA,protein_coding,PRJNA382632,A/California/04/09 (H1N1) vs. mock infection,human monocyte-derived macrophages (MDM),A/California/04/09 (H1N1),2,18,-0.271381821,NA,NA,0.079940134,0.137914655,NA,NA,NA
7158,TP53BP1,NA,protein_coding,PRJNA382632,A/California/04/09 (H1N1) vs. mock infection,human monocyte-derived macrophages (MDM),A/California/04/09 (H1N1),2,3,0.077486258,NA,NA,0.598509898,1,NA,NA,NA
7158,TP53BP1,NA,protein_coding,PRJNA382632,A/California/04/09 (H1N1) vs. mock infection,human monocyte-derived macrophages (MDM),A/California/04/09 (H1N1),2,6,-0.481634879,NA,NA,0.001565878,0.007492942,NA,NA,NA
7158,TP53BP1,NA,protein_coding,PRJNA382632,A/Wyoming/03/03 (H3N2) vs. mock infection,human monocyte-derived macrophages (MDM),A/Wyoming/03/03 (H3N2),2,12,-1.119944193,NA,NA,4.61e-06,1.58e-05,NA,NA,NA
7158,TP53BP1,NA,protein_coding,PRJNA382632,A/Wyoming/03/03 (H3N2) vs. mock infection,human monocyte-derived macrophages (MDM),A/Wyoming/03/03 (H3N2),2,18,-0.764347328,NA,NA,8.43e-06,2.25e-05,NA,NA,NA
7158,TP53BP1,NA,protein_coding,PRJNA382632,A/Wyoming/03/03 (H3N2) vs. mock infection,human monocyte-derived macrophages (MDM),A/Wyoming/03/03 (H3N2),2,3,-0.139867158,NA,NA,0.321755145,0.80883765,NA,NA,NA
7158,TP53BP1,NA,protein_coding,PRJNA382632,A/Wyoming/03/03 (H3N2) vs. mock infection,human monocyte-derived macrophages (MDM),A/Wyoming/03/03 (H3N2),2,6,-1.789624781,NA,NA,1.66e-19,1.72e-18,NA,NA,NA
7158,TP53BP1,NA,protein_coding,PRJNA382632,A/Vietnam/1203/04 (H5N1) HALo vs. mock infection,human monocyte-derived macrophages (MDM),A/Vietnam/1203/04 (H5N1) HALo,2,12,-1.958512072,NA,NA,4.25e-17,3.79e-16,NA,NA,NA
7158,TP53BP1,NA,protein_coding,PRJNA382632,A/Vietnam/1203/04 (H5N1) HALo vs. mock infection,human monocyte-derived macrophages (MDM),A/Vietnam/1203/04 (H5N1) HALo,2,18,-1.045157995,NA,NA,6.93e-06,1.82e-05,NA,NA,NA
7158,TP53BP1,NA,protein_coding,PRJNA382632,A/Vietnam/1203/04 (H5N1) HALo vs. mock infection,human monocyte-derived macrophages (MDM),A/Vietnam/1203/04 (H5N1) HALo,2,3,-0.24469251,NA,NA,0.264260658,1,NA,NA,NA
7158,TP53BP1,NA,protein_coding,PRJNA382632,A/Vietnam/1203/04 (H5N1) HALo vs. mock infection,human monocyte-derived macrophages (MDM),A/Vietnam/1203/04 (H5N1) HALo,2,6,-1.509438841,NA,NA,2.53e-11,2.96e-10,NA,NA,NA
7158,TP53BP1,NA,protein_coding,PRJNA557257,A/Panama/2007/1999 (H3N2) vs. mock infection,lung explants,A/Panama/2007/1999 (H3N2),1E5 PFU/mL,24,0.0193991286998176,NA,NA,0.866648470163762,0.99776532938064,1749.76743924969,0.115527988019333,0.16791713447456
7158,TP53BP1,NA,protein_coding,PRJNA559077,A/swine/Zhejiang/04 (H3N2) vs. mock infection,A549,A/swine/Zhejiang/04 (H3N2),10,24,-1.42390726665392,NA,NA,2.33053070823415e-19,1.8318843952321e-18,2196.80641608711,0.158273676834743,-8.99648820404073
7158,TP53BP1,NA,protein_coding,PRJNA559077,A/Hangzhou/1/2013 (H7N9) vs. mock infection,A549,A/Hangzhou/1/2013 (H7N9),10,24,-0.712147480808593,NA,NA,4.53790683915027e-06,3.36300696584794e-05,2196.80641608711,0.155318099250106,-4.58509011021203
7158,TP53BP1,NA,protein_coding,PRJNA667475,A/WSN/1933 (H1N1) vs. mock infection,A549,A/WSN/1933 (H1N1),0.02,24,0.031776633322148,NA,NA,0.644453951644692,0.924806207850071,1443.31077321349,0.0688580285902369,0.461480439866289
7158,TP53BP1,NA,protein_coding,PRJNA795161,A/Oklahoma/447/2008 (H1N1) vs. mock infection,human bronchial epithelial cells (HBEC),A/Oklahoma/447/2008 (H1N1),N.A.,48,-1.49473072800688,NA,NA,1.2971818120854e-12,1.80603319633776e-10,1788.97419480088,0.210685442347224,-7.09460849005154
