entrezID,gene_symbol,probe_seq,biotype,bioproject,res_design,host_type,virus_strain,M.O.I,H.P.I,log2FoldChange,t,B,pvalue,padj,baseMean,lfcSE,stat
140458,ASB5,CAGATATTAAAGCTGCTTTTGGGTAAAACAGGTTTCCACCAGTATTTTCCCTGAGCTAGA,protein_coding,PRJNA139513,A/Vietnam/1203/2004(H5N1) vs. mock infection,Calu-3,A/Vietnam/1203/2004(H5N1),1,0,-0.416321155666666,-2.70301928390389,-3.35738253140429,0.036514837732821,0.70427776579126,NA,NA,NA
140458,ASB5,CAGTAAAGGTCACCATGAATGTCTTGACATCCTGATATCCTGGGGCATAGATGTTGACCA,protein_coding,PRJNA139513,A/Vietnam/1203/2004(H5N1) vs. mock infection,Calu-3,A/Vietnam/1203/2004(H5N1),1,0,-0.734875948333334,-2.44540108245098,-3.62382201172906,0.0513401769664469,0.712238608141636,NA,NA,NA
140458,ASB5,CAGATATTAAAGCTGCTTTTGGGTAAAACAGGTTTCCACCAGTATTTTCCCTGAGCTAGA,protein_coding,PRJNA139513,A/Vietnam/1203/2004(H5N1) vs. mock infection,Calu-3,A/Vietnam/1203/2004(H5N1),1,12,3.08831863666667,9.27428838470099,1.81261867555375,9.24292980019829e-05,0.000893156377746177,NA,NA,NA
140458,ASB5,CAGTAAAGGTCACCATGAATGTCTTGACATCCTGATATCCTGGGGCATAGATGTTGACCA,protein_coding,PRJNA139513,A/Vietnam/1203/2004(H5N1) vs. mock infection,Calu-3,A/Vietnam/1203/2004(H5N1),1,12,0.0519604646666671,0.251252647638633,-7.54820303677797,0.810057883183427,0.856949589387113,NA,NA,NA
140458,ASB5,CAGATATTAAAGCTGCTTTTGGGTAAAACAGGTTTCCACCAGTATTTTCCCTGAGCTAGA,protein_coding,PRJNA139513,A/Vietnam/1203/2004(H5N1) vs. mock infection,Calu-3,A/Vietnam/1203/2004(H5N1),1,18,4.469839447,11.8104269507903,3.68862858721207,1.87126869343285e-05,0.000519682757537302,NA,NA,NA
140458,ASB5,CAGTAAAGGTCACCATGAATGTCTTGACATCCTGATATCCTGGGGCATAGATGTTGACCA,protein_coding,PRJNA139513,A/Vietnam/1203/2004(H5N1) vs. mock infection,Calu-3,A/Vietnam/1203/2004(H5N1),1,18,1.12743913033333,1.23670673544953,-6.43080348464938,0.261350539889281,0.375342301892002,NA,NA,NA
140458,ASB5,CAGATATTAAAGCTGCTTTTGGGTAAAACAGGTTTCCACCAGTATTTTCCCTGAGCTAGA,protein_coding,PRJNA139513,A/Vietnam/1203/2004(H5N1) vs. mock infection,Calu-3,A/Vietnam/1203/2004(H5N1),1,24,3.56914973633333,7.38119190157114,0.665935198473397,0.000285540180429407,0.00122599534261881,NA,NA,NA
140458,ASB5,CAGTAAAGGTCACCATGAATGTCTTGACATCCTGATATCCTGGGGCATAGATGTTGACCA,protein_coding,PRJNA139513,A/Vietnam/1203/2004(H5N1) vs. mock infection,Calu-3,A/Vietnam/1203/2004(H5N1),1,24,-0.276380951,-0.587274205583381,-7.19601194041292,0.577972598576152,0.644572739376695,NA,NA,NA
140458,ASB5,CAGATATTAAAGCTGCTTTTGGGTAAAACAGGTTTCCACCAGTATTTTCCCTGAGCTAGA,protein_coding,PRJNA139513,A/Vietnam/1203/2004(H5N1) vs. mock infection,Calu-3,A/Vietnam/1203/2004(H5N1),1,3,0.623077494333333,2.70246489911096,-3.45352807626725,0.037997645298684,0.57517005211322,NA,NA,NA
140458,ASB5,CAGTAAAGGTCACCATGAATGTCTTGACATCCTGATATCCTGGGGCATAGATGTTGACCA,protein_coding,PRJNA139513,A/Vietnam/1203/2004(H5N1) vs. mock infection,Calu-3,A/Vietnam/1203/2004(H5N1),1,3,0.214679367999999,0.574525831567374,-5.16487493037528,0.587929500365584,0.865791458664272,NA,NA,NA
140458,ASB5,CAGATATTAAAGCTGCTTTTGGGTAAAACAGGTTTCCACCAGTATTTTCCCTGAGCTAGA,protein_coding,PRJNA139513,A/Vietnam/1203/2004(H5N1) vs. mock infection,Calu-3,A/Vietnam/1203/2004(H5N1),1,7,1.05080653266667,2.22710937925274,-5.16265097941767,0.0690243745413073,0.173503974090811,NA,NA,NA
140458,ASB5,CAGTAAAGGTCACCATGAATGTCTTGACATCCTGATATCCTGGGGCATAGATGTTGACCA,protein_coding,PRJNA139513,A/Vietnam/1203/2004(H5N1) vs. mock infection,Calu-3,A/Vietnam/1203/2004(H5N1),1,7,-0.219224564999999,-1.41836521158456,-6.24303463647831,0.207467977956146,0.371011250519169,NA,NA,NA
140458,ASB5,CAGATATTAAAGCTGCTTTTGGGTAAAACAGGTTTCCACCAGTATTTTCCCTGAGCTAGA,protein_coding,PRJNA163315,A/California/04/09 (H1N1) vs. mock infection,Calu-3,A/California/04/09 (H1N1),3,0,NA,NA,NA,NA,NA,NA,NA,NA
140458,ASB5,CAGTAAAGGTCACCATGAATGTCTTGACATCCTGATATCCTGGGGCATAGATGTTGACCA,protein_coding,PRJNA163315,A/California/04/09 (H1N1) vs. mock infection,Calu-3,A/California/04/09 (H1N1),3,0,NA,NA,NA,NA,NA,NA,NA,NA
140458,ASB5,CAGATATTAAAGCTGCTTTTGGGTAAAACAGGTTTCCACCAGTATTTTCCCTGAGCTAGA,protein_coding,PRJNA163315,A/California/04/09 (H1N1) vs. mock infection,Calu-3,A/California/04/09 (H1N1),3,12,NA,NA,NA,NA,NA,NA,NA,NA
140458,ASB5,CAGTAAAGGTCACCATGAATGTCTTGACATCCTGATATCCTGGGGCATAGATGTTGACCA,protein_coding,PRJNA163315,A/California/04/09 (H1N1) vs. mock infection,Calu-3,A/California/04/09 (H1N1),3,12,NA,NA,NA,NA,NA,NA,NA,NA
140458,ASB5,CAGATATTAAAGCTGCTTTTGGGTAAAACAGGTTTCCACCAGTATTTTCCCTGAGCTAGA,protein_coding,PRJNA163315,A/California/04/09 (H1N1) vs. mock infection,Calu-3,A/California/04/09 (H1N1),3,18,NA,NA,NA,NA,NA,NA,NA,NA
140458,ASB5,CAGTAAAGGTCACCATGAATGTCTTGACATCCTGATATCCTGGGGCATAGATGTTGACCA,protein_coding,PRJNA163315,A/California/04/09 (H1N1) vs. mock infection,Calu-3,A/California/04/09 (H1N1),3,18,NA,NA,NA,NA,NA,NA,NA,NA
140458,ASB5,CAGATATTAAAGCTGCTTTTGGGTAAAACAGGTTTCCACCAGTATTTTCCCTGAGCTAGA,protein_coding,PRJNA163315,A/California/04/09 (H1N1) vs. mock infection,Calu-3,A/California/04/09 (H1N1),3,24,NA,NA,NA,NA,NA,NA,NA,NA
140458,ASB5,CAGTAAAGGTCACCATGAATGTCTTGACATCCTGATATCCTGGGGCATAGATGTTGACCA,protein_coding,PRJNA163315,A/California/04/09 (H1N1) vs. mock infection,Calu-3,A/California/04/09 (H1N1),3,24,NA,NA,NA,NA,NA,NA,NA,NA
140458,ASB5,CAGATATTAAAGCTGCTTTTGGGTAAAACAGGTTTCCACCAGTATTTTCCCTGAGCTAGA,protein_coding,PRJNA163315,A/California/04/09 (H1N1) vs. mock infection,Calu-3,A/California/04/09 (H1N1),3,30,NA,NA,NA,NA,NA,NA,NA,NA
140458,ASB5,CAGTAAAGGTCACCATGAATGTCTTGACATCCTGATATCCTGGGGCATAGATGTTGACCA,protein_coding,PRJNA163315,A/California/04/09 (H1N1) vs. mock infection,Calu-3,A/California/04/09 (H1N1),3,30,NA,NA,NA,NA,NA,NA,NA,NA
140458,ASB5,CAGATATTAAAGCTGCTTTTGGGTAAAACAGGTTTCCACCAGTATTTTCCCTGAGCTAGA,protein_coding,PRJNA163315,A/California/04/09 (H1N1) vs. mock infection,Calu-3,A/California/04/09 (H1N1),3,36,NA,NA,NA,NA,NA,NA,NA,NA
140458,ASB5,CAGTAAAGGTCACCATGAATGTCTTGACATCCTGATATCCTGGGGCATAGATGTTGACCA,protein_coding,PRJNA163315,A/California/04/09 (H1N1) vs. mock infection,Calu-3,A/California/04/09 (H1N1),3,36,NA,NA,NA,NA,NA,NA,NA,NA
140458,ASB5,CAGATATTAAAGCTGCTTTTGGGTAAAACAGGTTTCCACCAGTATTTTCCCTGAGCTAGA,protein_coding,PRJNA163315,A/California/04/09 (H1N1) vs. mock infection,Calu-3,A/California/04/09 (H1N1),3,3,NA,NA,NA,NA,NA,NA,NA,NA
140458,ASB5,CAGTAAAGGTCACCATGAATGTCTTGACATCCTGATATCCTGGGGCATAGATGTTGACCA,protein_coding,PRJNA163315,A/California/04/09 (H1N1) vs. mock infection,Calu-3,A/California/04/09 (H1N1),3,3,NA,NA,NA,NA,NA,NA,NA,NA
140458,ASB5,CAGATATTAAAGCTGCTTTTGGGTAAAACAGGTTTCCACCAGTATTTTCCCTGAGCTAGA,protein_coding,PRJNA163315,A/California/04/09 (H1N1) vs. mock infection,Calu-3,A/California/04/09 (H1N1),3,48,NA,NA,NA,NA,NA,NA,NA,NA
140458,ASB5,CAGTAAAGGTCACCATGAATGTCTTGACATCCTGATATCCTGGGGCATAGATGTTGACCA,protein_coding,PRJNA163315,A/California/04/09 (H1N1) vs. mock infection,Calu-3,A/California/04/09 (H1N1),3,48,NA,NA,NA,NA,NA,NA,NA,NA
140458,ASB5,CAGATATTAAAGCTGCTTTTGGGTAAAACAGGTTTCCACCAGTATTTTCCCTGAGCTAGA,protein_coding,PRJNA163315,A/California/04/09 (H1N1) vs. mock infection,Calu-3,A/California/04/09 (H1N1),3,7,NA,NA,NA,NA,NA,NA,NA,NA
140458,ASB5,CAGTAAAGGTCACCATGAATGTCTTGACATCCTGATATCCTGGGGCATAGATGTTGACCA,protein_coding,PRJNA163315,A/California/04/09 (H1N1) vs. mock infection,Calu-3,A/California/04/09 (H1N1),3,7,NA,NA,NA,NA,NA,NA,NA,NA
140458,ASB5,CAGATATTAAAGCTGCTTTTGGGTAAAACAGGTTTCCACCAGTATTTTCCCTGAGCTAGA,protein_coding,PRJNA175069,A/California/04/09 (H1N1) vs. mock infection,Calu-3,A/California/04/09 (H1N1),3,0,NA,NA,NA,NA,NA,NA,NA,NA
140458,ASB5,CAGTAAAGGTCACCATGAATGTCTTGACATCCTGATATCCTGGGGCATAGATGTTGACCA,protein_coding,PRJNA175069,A/California/04/09 (H1N1) vs. mock infection,Calu-3,A/California/04/09 (H1N1),3,0,NA,NA,NA,NA,NA,NA,NA,NA
140458,ASB5,CAGATATTAAAGCTGCTTTTGGGTAAAACAGGTTTCCACCAGTATTTTCCCTGAGCTAGA,protein_coding,PRJNA175069,A/California/04/09 (H1N1) vs. mock infection,Calu-3,A/California/04/09 (H1N1),3,12,NA,NA,NA,NA,NA,NA,NA,NA
140458,ASB5,CAGTAAAGGTCACCATGAATGTCTTGACATCCTGATATCCTGGGGCATAGATGTTGACCA,protein_coding,PRJNA175069,A/California/04/09 (H1N1) vs. mock infection,Calu-3,A/California/04/09 (H1N1),3,12,NA,NA,NA,NA,NA,NA,NA,NA
140458,ASB5,CAGATATTAAAGCTGCTTTTGGGTAAAACAGGTTTCCACCAGTATTTTCCCTGAGCTAGA,protein_coding,PRJNA175069,A/California/04/09 (H1N1) vs. mock infection,Calu-3,A/California/04/09 (H1N1),3,24,NA,NA,NA,NA,NA,NA,NA,NA
140458,ASB5,CAGTAAAGGTCACCATGAATGTCTTGACATCCTGATATCCTGGGGCATAGATGTTGACCA,protein_coding,PRJNA175069,A/California/04/09 (H1N1) vs. mock infection,Calu-3,A/California/04/09 (H1N1),3,24,NA,NA,NA,NA,NA,NA,NA,NA
140458,ASB5,CAGATATTAAAGCTGCTTTTGGGTAAAACAGGTTTCCACCAGTATTTTCCCTGAGCTAGA,protein_coding,PRJNA175069,A/California/04/09 (H1N1) vs. mock infection,Calu-3,A/California/04/09 (H1N1),3,48,NA,NA,NA,NA,NA,NA,NA,NA
140458,ASB5,CAGTAAAGGTCACCATGAATGTCTTGACATCCTGATATCCTGGGGCATAGATGTTGACCA,protein_coding,PRJNA175069,A/California/04/09 (H1N1) vs. mock infection,Calu-3,A/California/04/09 (H1N1),3,48,NA,NA,NA,NA,NA,NA,NA,NA
140458,ASB5,CAGATATTAAAGCTGCTTTTGGGTAAAACAGGTTTCCACCAGTATTTTCCCTGAGCTAGA,protein_coding,PRJNA175069,A/Netherlands/602/2009 (H1N1) vs. mock infection,Calu-3,A/Netherlands/602/2009 (H1N1),3,0,NA,NA,NA,NA,NA,NA,NA,NA
140458,ASB5,CAGTAAAGGTCACCATGAATGTCTTGACATCCTGATATCCTGGGGCATAGATGTTGACCA,protein_coding,PRJNA175069,A/Netherlands/602/2009 (H1N1) vs. mock infection,Calu-3,A/Netherlands/602/2009 (H1N1),3,0,NA,NA,NA,NA,NA,NA,NA,NA
140458,ASB5,CAGATATTAAAGCTGCTTTTGGGTAAAACAGGTTTCCACCAGTATTTTCCCTGAGCTAGA,protein_coding,PRJNA175069,A/Netherlands/602/2009 (H1N1) vs. mock infection,Calu-3,A/Netherlands/602/2009 (H1N1),3,12,NA,NA,NA,NA,NA,NA,NA,NA
140458,ASB5,CAGTAAAGGTCACCATGAATGTCTTGACATCCTGATATCCTGGGGCATAGATGTTGACCA,protein_coding,PRJNA175069,A/Netherlands/602/2009 (H1N1) vs. mock infection,Calu-3,A/Netherlands/602/2009 (H1N1),3,12,NA,NA,NA,NA,NA,NA,NA,NA
140458,ASB5,CAGATATTAAAGCTGCTTTTGGGTAAAACAGGTTTCCACCAGTATTTTCCCTGAGCTAGA,protein_coding,PRJNA175069,A/Netherlands/602/2009 (H1N1) vs. mock infection,Calu-3,A/Netherlands/602/2009 (H1N1),3,18,NA,NA,NA,NA,NA,NA,NA,NA
140458,ASB5,CAGTAAAGGTCACCATGAATGTCTTGACATCCTGATATCCTGGGGCATAGATGTTGACCA,protein_coding,PRJNA175069,A/Netherlands/602/2009 (H1N1) vs. mock infection,Calu-3,A/Netherlands/602/2009 (H1N1),3,18,NA,NA,NA,NA,NA,NA,NA,NA
140458,ASB5,CAGATATTAAAGCTGCTTTTGGGTAAAACAGGTTTCCACCAGTATTTTCCCTGAGCTAGA,protein_coding,PRJNA175069,A/Netherlands/602/2009 (H1N1) vs. mock infection,Calu-3,A/Netherlands/602/2009 (H1N1),3,24,NA,NA,NA,NA,NA,NA,NA,NA
140458,ASB5,CAGTAAAGGTCACCATGAATGTCTTGACATCCTGATATCCTGGGGCATAGATGTTGACCA,protein_coding,PRJNA175069,A/Netherlands/602/2009 (H1N1) vs. mock infection,Calu-3,A/Netherlands/602/2009 (H1N1),3,24,NA,NA,NA,NA,NA,NA,NA,NA
140458,ASB5,CAGATATTAAAGCTGCTTTTGGGTAAAACAGGTTTCCACCAGTATTTTCCCTGAGCTAGA,protein_coding,PRJNA175069,A/Netherlands/602/2009 (H1N1) vs. mock infection,Calu-3,A/Netherlands/602/2009 (H1N1),3,30,NA,NA,NA,NA,NA,NA,NA,NA
140458,ASB5,CAGTAAAGGTCACCATGAATGTCTTGACATCCTGATATCCTGGGGCATAGATGTTGACCA,protein_coding,PRJNA175069,A/Netherlands/602/2009 (H1N1) vs. mock infection,Calu-3,A/Netherlands/602/2009 (H1N1),3,30,NA,NA,NA,NA,NA,NA,NA,NA
140458,ASB5,CAGATATTAAAGCTGCTTTTGGGTAAAACAGGTTTCCACCAGTATTTTCCCTGAGCTAGA,protein_coding,PRJNA175069,A/Netherlands/602/2009 (H1N1) vs. mock infection,Calu-3,A/Netherlands/602/2009 (H1N1),3,36,NA,NA,NA,NA,NA,NA,NA,NA
140458,ASB5,CAGTAAAGGTCACCATGAATGTCTTGACATCCTGATATCCTGGGGCATAGATGTTGACCA,protein_coding,PRJNA175069,A/Netherlands/602/2009 (H1N1) vs. mock infection,Calu-3,A/Netherlands/602/2009 (H1N1),3,36,NA,NA,NA,NA,NA,NA,NA,NA
140458,ASB5,CAGATATTAAAGCTGCTTTTGGGTAAAACAGGTTTCCACCAGTATTTTCCCTGAGCTAGA,protein_coding,PRJNA175069,A/Netherlands/602/2009 (H1N1) vs. mock infection,Calu-3,A/Netherlands/602/2009 (H1N1),3,3,NA,NA,NA,NA,NA,NA,NA,NA
140458,ASB5,CAGTAAAGGTCACCATGAATGTCTTGACATCCTGATATCCTGGGGCATAGATGTTGACCA,protein_coding,PRJNA175069,A/Netherlands/602/2009 (H1N1) vs. mock infection,Calu-3,A/Netherlands/602/2009 (H1N1),3,3,NA,NA,NA,NA,NA,NA,NA,NA
140458,ASB5,CAGATATTAAAGCTGCTTTTGGGTAAAACAGGTTTCCACCAGTATTTTCCCTGAGCTAGA,protein_coding,PRJNA175069,A/Netherlands/602/2009 (H1N1) vs. mock infection,Calu-3,A/Netherlands/602/2009 (H1N1),3,48,NA,NA,NA,NA,NA,NA,NA,NA
140458,ASB5,CAGTAAAGGTCACCATGAATGTCTTGACATCCTGATATCCTGGGGCATAGATGTTGACCA,protein_coding,PRJNA175069,A/Netherlands/602/2009 (H1N1) vs. mock infection,Calu-3,A/Netherlands/602/2009 (H1N1),3,48,NA,NA,NA,NA,NA,NA,NA,NA
140458,ASB5,CAGATATTAAAGCTGCTTTTGGGTAAAACAGGTTTCCACCAGTATTTTCCCTGAGCTAGA,protein_coding,PRJNA175069,A/Netherlands/602/2009 (H1N1) vs. mock infection,Calu-3,A/Netherlands/602/2009 (H1N1),3,7,NA,NA,NA,NA,NA,NA,NA,NA
140458,ASB5,CAGTAAAGGTCACCATGAATGTCTTGACATCCTGATATCCTGGGGCATAGATGTTGACCA,protein_coding,PRJNA175069,A/Netherlands/602/2009 (H1N1) vs. mock infection,Calu-3,A/Netherlands/602/2009 (H1N1),3,7,NA,NA,NA,NA,NA,NA,NA,NA
140458,ASB5,CAGATATTAAAGCTGCTTTTGGGTAAAACAGGTTTCCACCAGTATTTTCCCTGAGCTAGA,protein_coding,PRJNA215073,A/Anhui/01/2013 (H7N9) vs. mock infection,Calu-3,A/Anhui/01/2013 (H7N9),1,12,2.6954212335,11.265061597723,5.31814732597581,2.16657428748942e-06,7.81909740093078e-05,NA,NA,NA
140458,ASB5,CAGATATTAAAGCTGCTTTTGGGTAAAACAGGTTTCCACCAGTATTTTCCCTGAGCTAGA,protein_coding,PRJNA215073,A/Anhui/01/2013 (H7N9) vs. mock infection,Calu-3,A/Anhui/01/2013 (H7N9),1,24,2.4073849115,21.065102081945,10.1829610760388,1.97469011530394e-08,4.00805331700732e-07,NA,NA,NA
140458,ASB5,CAGATATTAAAGCTGCTTTTGGGTAAAACAGGTTTCCACCAGTATTTTCCCTGAGCTAGA,protein_coding,PRJNA215073,A/Anhui/01/2013 (H7N9) vs. mock infection,Calu-3,A/Anhui/01/2013 (H7N9),1,3,0.433523642499999,0.791892834278456,-6.59028936445419,0.450163164366737,0.644906041139258,NA,NA,NA
140458,ASB5,CAGATATTAAAGCTGCTTTTGGGTAAAACAGGTTTCCACCAGTATTTTCCCTGAGCTAGA,protein_coding,PRJNA215073,A/Anhui/01/2013 (H7N9) vs. mock infection,Calu-3,A/Anhui/01/2013 (H7N9),1,7,-0.3818229875,-2.02042063237263,-4.94465553410736,0.0776546392675471,0.278760041795794,NA,NA,NA
140458,ASB5,CAGATATTAAAGCTGCTTTTGGGTAAAACAGGTTTCCACCAGTATTTTCCCTGAGCTAGA,protein_coding,PRJNA215073,A/Netherland/219/2003 (H7N7) vs. mock infection,Calu-3,A/Netherland/219/2003 (H7N7),1,12,0.52155297125,2.2092429713826,-5.30634231169794,0.0574689199954057,0.126670502904039,NA,NA,NA
140458,ASB5,CAGATATTAAAGCTGCTTTTGGGTAAAACAGGTTTCCACCAGTATTTTCCCTGAGCTAGA,protein_coding,PRJNA215073,A/Netherland/219/2003 (H7N7) vs. mock infection,Calu-3,A/Netherland/219/2003 (H7N7),1,24,-0.256747131,-1.10232271183912,-7.22887407375458,0.303824772561023,0.339603544004458,NA,NA,NA
140458,ASB5,CAGATATTAAAGCTGCTTTTGGGTAAAACAGGTTTCCACCAGTATTTTCCCTGAGCTAGA,protein_coding,PRJNA215073,A/Netherland/219/2003 (H7N7) vs. mock infection,Calu-3,A/Netherland/219/2003 (H7N7),1,3,0.9131213,2.424287,-4.704341,0.04091109,0.1031715,NA,NA,NA
140458,ASB5,CAGATATTAAAGCTGCTTTTGGGTAAAACAGGTTTCCACCAGTATTTTCCCTGAGCTAGA,protein_coding,PRJNA215073,A/Netherland/219/2003 (H7N7) vs. mock infection,Calu-3,A/Netherland/219/2003 (H7N7),1,7,-0.142356972,-0.942702363685745,-6.32846446341857,0.372837886700765,0.627635012183162,NA,NA,NA
140458,ASB5,CAGATATTAAAGCTGCTTTTGGGTAAAACAGGTTTCCACCAGTATTTTCCCTGAGCTAGA,protein_coding,PRJNA215073,A/Vietnam/1203/2004 (H5N1) vs. mock infection,Calu-3,A/Vietnam/1203/2004 (H5N1),1,12,0.8069986545,1.71142481741727,-5.97190282513492,0.124043471241926,0.283090073306717,NA,NA,NA
140458,ASB5,CAGATATTAAAGCTGCTTTTGGGTAAAACAGGTTTCCACCAGTATTTTCCCTGAGCTAGA,protein_coding,PRJNA215073,A/Vietnam/1203/2004 (H5N1) vs. mock infection,Calu-3,A/Vietnam/1203/2004 (H5N1),1,24,1.45819534525,5.02752759506704,-1.53989145984663,0.00108334250092442,0.00191338619910159,NA,NA,NA
140458,ASB5,CAGATATTAAAGCTGCTTTTGGGTAAAACAGGTTTCCACCAGTATTTTCCCTGAGCTAGA,protein_coding,PRJNA215073,A/Vietnam/1203/2004 (H5N1) vs. mock infection,Calu-3,A/Vietnam/1203/2004 (H5N1),1,3,0.349902206666666,0.98358851128514,-6.63725430565907,0.357922242476699,0.545902633146556,NA,NA,NA
140458,ASB5,CAGATATTAAAGCTGCTTTTGGGTAAAACAGGTTTCCACCAGTATTTTCCCTGAGCTAGA,protein_coding,PRJNA215073,A/Vietnam/1203/2004 (H5N1) vs. mock infection,Calu-3,A/Vietnam/1203/2004 (H5N1),1,7,-0.0267885714999991,-0.161233001671261,-5.5173735324516,0.875713452243406,0.967683973223387,NA,NA,NA
140458,ASB5,CAGATATTAAAGCTGCTTTTGGGTAAAACAGGTTTCCACCAGTATTTTCCCTGAGCTAGA,protein_coding,PRJNA215073,A/Panama/2007/1999 (H3N2) vs. mock infection,Calu-3,A/Panama/2007/1999 (H3N2),1,12,0.15380151825,0.547845772756915,-7.87823071614964,0.59846908906385,0.660749640312264,NA,NA,NA
140458,ASB5,CAGATATTAAAGCTGCTTTTGGGTAAAACAGGTTTCCACCAGTATTTTCCCTGAGCTAGA,protein_coding,PRJNA215073,A/Panama/2007/1999 (H3N2) vs. mock infection,Calu-3,A/Panama/2007/1999 (H3N2),1,24,-0.15365170825,-0.87749783119265,-7.45121037570084,0.405693184064876,0.465058284944545,NA,NA,NA
140458,ASB5,CAGATATTAAAGCTGCTTTTGGGTAAAACAGGTTTCCACCAGTATTTTCCCTGAGCTAGA,protein_coding,PRJNA215073,A/Panama/2007/1999 (H3N2) vs. mock infection,Calu-3,A/Panama/2007/1999 (H3N2),1,3,0.576645386666667,1.51579687766295,-5.85288641816931,0.172371448461437,0.339062167436473,NA,NA,NA
140458,ASB5,CAGATATTAAAGCTGCTTTTGGGTAAAACAGGTTTCCACCAGTATTTTCCCTGAGCTAGA,protein_coding,PRJNA215073,A/Panama/2007/1999 (H3N2) vs. mock infection,Calu-3,A/Panama/2007/1999 (H3N2),1,7,-0.42783936925,-1.57264513223585,-5.65044355377741,0.153327605778864,0.33984495812326,NA,NA,NA
140458,ASB5,NA,protein_coding,PRJNA557257,A/Panama/2007/1999 (H3N2) vs. mock infection,lung explants,A/Panama/2007/1999 (H3N2),1E5 PFU/mL,24,-0.627944354016244,NA,NA,0.388444310375501,0.992555210544867,1.50385280122381,0.728100346446757,-0.862442048106021
140458,ASB5,NA,protein_coding,PRJNA559077,A/swine/Zhejiang/04 (H3N2) vs. mock infection,A549,A/swine/Zhejiang/04 (H3N2),10,24,5.87519495902447,NA,NA,3.45186083834142e-06,1.05880531673287e-05,19.5351385992222,1.26568200901915,4.64192025892626
140458,ASB5,NA,protein_coding,PRJNA559077,A/Hangzhou/1/2013 (H7N9) vs. mock infection,A549,A/Hangzhou/1/2013 (H7N9),10,24,3.94405921346813,NA,NA,0.00201424778572827,0.00740044660898142,19.5351385992222,1.27717019027114,3.08812344941343
140458,ASB5,NA,protein_coding,PRJNA667475,A/WSN/1933 (H1N1) vs. mock infection,A549,A/WSN/1933 (H1N1),0.02,24,0.892440331025724,NA,NA,0.826875937216589,0.924806207850071,0.146694826483859,4.0804728567969,0.218710027574175
140458,ASB5,NA,protein_coding,PRJNA795161,A/Oklahoma/447/2008 (H1N1) vs. mock infection,human bronchial epithelial cells (HBEC),A/Oklahoma/447/2008 (H1N1),N.A.,48,-2.59590722676672,NA,NA,0.205051817653126,0.486039049971953,0.964932722191391,2.04839333456509,-1.26728943263129
