entrezID,gene_symbol,probe_seq,biotype,bioproject,res_design,host_type,virus_strain,M.O.I,H.P.I,log2FoldChange,t,B,pvalue,padj,baseMean,lfcSE,stat
441932,OR2W5,AGCTACTCCCAAGATCAGGGGAAGTTCCTGACTCTCTTCTACACCATCGTCATTCCCAGC,protein_coding,PRJNA215073,A/Anhui/01/2013 (H7N9) vs. mock infection,Calu-3,A/Anhui/01/2013 (H7N9),1,12,NA,NA,NA,NA,NA,NA,NA,NA
441932,OR2W5,AGCTACTCCCAAGATCAGGGGAAGTTCCTGACTCTCTTCTACACCATCGTCATTCCCAGC,protein_coding,PRJNA215073,A/Anhui/01/2013 (H7N9) vs. mock infection,Calu-3,A/Anhui/01/2013 (H7N9),1,24,NA,NA,NA,NA,NA,NA,NA,NA
441932,OR2W5,AGCTACTCCCAAGATCAGGGGAAGTTCCTGACTCTCTTCTACACCATCGTCATTCCCAGC,protein_coding,PRJNA215073,A/Anhui/01/2013 (H7N9) vs. mock infection,Calu-3,A/Anhui/01/2013 (H7N9),1,3,NA,NA,NA,NA,NA,NA,NA,NA
441932,OR2W5,AGCTACTCCCAAGATCAGGGGAAGTTCCTGACTCTCTTCTACACCATCGTCATTCCCAGC,protein_coding,PRJNA215073,A/Anhui/01/2013 (H7N9) vs. mock infection,Calu-3,A/Anhui/01/2013 (H7N9),1,7,NA,NA,NA,NA,NA,NA,NA,NA
441932,OR2W5,AGCTACTCCCAAGATCAGGGGAAGTTCCTGACTCTCTTCTACACCATCGTCATTCCCAGC,protein_coding,PRJNA215073,A/Netherland/219/2003 (H7N7) vs. mock infection,Calu-3,A/Netherland/219/2003 (H7N7),1,12,NA,NA,NA,NA,NA,NA,NA,NA
441932,OR2W5,AGCTACTCCCAAGATCAGGGGAAGTTCCTGACTCTCTTCTACACCATCGTCATTCCCAGC,protein_coding,PRJNA215073,A/Netherland/219/2003 (H7N7) vs. mock infection,Calu-3,A/Netherland/219/2003 (H7N7),1,24,NA,NA,NA,NA,NA,NA,NA,NA
441932,OR2W5,AGCTACTCCCAAGATCAGGGGAAGTTCCTGACTCTCTTCTACACCATCGTCATTCCCAGC,protein_coding,PRJNA215073,A/Netherland/219/2003 (H7N7) vs. mock infection,Calu-3,A/Netherland/219/2003 (H7N7),1,3,NA,NA,NA,NA,NA,NA,NA,NA
441932,OR2W5,AGCTACTCCCAAGATCAGGGGAAGTTCCTGACTCTCTTCTACACCATCGTCATTCCCAGC,protein_coding,PRJNA215073,A/Netherland/219/2003 (H7N7) vs. mock infection,Calu-3,A/Netherland/219/2003 (H7N7),1,7,NA,NA,NA,NA,NA,NA,NA,NA
441932,OR2W5,AGCTACTCCCAAGATCAGGGGAAGTTCCTGACTCTCTTCTACACCATCGTCATTCCCAGC,protein_coding,PRJNA215073,A/Vietnam/1203/2004 (H5N1) vs. mock infection,Calu-3,A/Vietnam/1203/2004 (H5N1),1,12,NA,NA,NA,NA,NA,NA,NA,NA
441932,OR2W5,AGCTACTCCCAAGATCAGGGGAAGTTCCTGACTCTCTTCTACACCATCGTCATTCCCAGC,protein_coding,PRJNA215073,A/Vietnam/1203/2004 (H5N1) vs. mock infection,Calu-3,A/Vietnam/1203/2004 (H5N1),1,24,NA,NA,NA,NA,NA,NA,NA,NA
441932,OR2W5,AGCTACTCCCAAGATCAGGGGAAGTTCCTGACTCTCTTCTACACCATCGTCATTCCCAGC,protein_coding,PRJNA215073,A/Vietnam/1203/2004 (H5N1) vs. mock infection,Calu-3,A/Vietnam/1203/2004 (H5N1),1,3,NA,NA,NA,NA,NA,NA,NA,NA
441932,OR2W5,AGCTACTCCCAAGATCAGGGGAAGTTCCTGACTCTCTTCTACACCATCGTCATTCCCAGC,protein_coding,PRJNA215073,A/Vietnam/1203/2004 (H5N1) vs. mock infection,Calu-3,A/Vietnam/1203/2004 (H5N1),1,7,NA,NA,NA,NA,NA,NA,NA,NA
441932,OR2W5,AGCTACTCCCAAGATCAGGGGAAGTTCCTGACTCTCTTCTACACCATCGTCATTCCCAGC,protein_coding,PRJNA215073,A/Panama/2007/1999 (H3N2) vs. mock infection,Calu-3,A/Panama/2007/1999 (H3N2),1,12,NA,NA,NA,NA,NA,NA,NA,NA
441932,OR2W5,AGCTACTCCCAAGATCAGGGGAAGTTCCTGACTCTCTTCTACACCATCGTCATTCCCAGC,protein_coding,PRJNA215073,A/Panama/2007/1999 (H3N2) vs. mock infection,Calu-3,A/Panama/2007/1999 (H3N2),1,24,NA,NA,NA,NA,NA,NA,NA,NA
441932,OR2W5,AGCTACTCCCAAGATCAGGGGAAGTTCCTGACTCTCTTCTACACCATCGTCATTCCCAGC,protein_coding,PRJNA215073,A/Panama/2007/1999 (H3N2) vs. mock infection,Calu-3,A/Panama/2007/1999 (H3N2),1,3,NA,NA,NA,NA,NA,NA,NA,NA
441932,OR2W5,AGCTACTCCCAAGATCAGGGGAAGTTCCTGACTCTCTTCTACACCATCGTCATTCCCAGC,protein_coding,PRJNA215073,A/Panama/2007/1999 (H3N2) vs. mock infection,Calu-3,A/Panama/2007/1999 (H3N2),1,7,NA,NA,NA,NA,NA,NA,NA,NA
441932,OR2W5P,NA,transcribed_pseudogene,PRJNA557257,A/Panama/2007/1999 (H3N2) vs. mock infection,lung explants,A/Panama/2007/1999 (H3N2),1E5 PFU/mL,24,3.03407126686061,NA,NA,0.00311704486061576,0.0593847960786764,0.69646223519203,1.02642740437608,2.9559530989967
441932,OR2W5P,NA,transcribed_pseudogene,PRJNA559077,A/swine/Zhejiang/04 (H3N2) vs. mock infection,A549,A/swine/Zhejiang/04 (H3N2),10,24,3.82728626581329,NA,NA,0.0972533313672693,0.150824796304563,2.78588467178898,2.30793288769881,1.65831783333587
441932,OR2W5P,NA,transcribed_pseudogene,PRJNA559077,A/Hangzhou/1/2013 (H7N9) vs. mock infection,A549,A/Hangzhou/1/2013 (H7N9),10,24,2.62079554732368,NA,NA,0.25748871092053,0.434211643555783,2.78588467178898,2.31448158668008,1.13234668290577
441932,OR2W5P,NA,transcribed_pseudogene,PRJNA667475,A/WSN/1933 (H1N1) vs. mock infection,A549,A/WSN/1933 (H1N1),0.02,24,NA,NA,NA,NA,NA,0,NA,NA
441932,OR2W5P,NA,transcribed_pseudogene,PRJNA795161,A/Oklahoma/447/2008 (H1N1) vs. mock infection,human bronchial epithelial cells (HBEC),A/Oklahoma/447/2008 (H1N1),N.A.,48,NA,NA,NA,NA,NA,0,NA,NA
