entrezID,gene_symbol,probe_seq,biotype,bioproject,res_design,host_type,virus_strain,M.O.I,H.P.I,log2FoldChange,t,B,pvalue,padj,baseMean,lfcSE,stat
7178,TPT1,GAAAGCACAGTAATCACTGCTGTCGATGTTGTCATGAACCATCACCTGCAGGAAACAAGT,protein_coding,PRJNA139513,A/Vietnam/1203/2004(H5N1) vs. mock infection,Calu-3,A/Vietnam/1203/2004(H5N1),1,0,0.090883806666664,0.982392908959016,-5.11771614881513,0.364953086705731,0.811400551996237,NA,NA,NA
7178,TPT1,GAACAGAGACCAGAAAGAGTAAAACCTTTTATGACAGGGGCTGCAGAACAAATCAAGCAC,protein_coding,PRJNA139513,A/Vietnam/1203/2004(H5N1) vs. mock infection,Calu-3,A/Vietnam/1203/2004(H5N1),1,0,0.0291706766666717,0.413378889928901,-5.47556893976782,0.69412286848424,0.919635519503644,NA,NA,NA
7178,TPT1,GACCAGAAACAGTAAAACCTTTTATGACAGGGGCTGCAAAACAAATCAAGGACATCCTTG,protein_coding,PRJNA139513,A/Vietnam/1203/2004(H5N1) vs. mock infection,Calu-3,A/Vietnam/1203/2004(H5N1),1,0,0.0389467366666612,0.409182816262204,-5.477241533065,0.697032210741265,0.920431910008865,NA,NA,NA
7178,TPT1,GACCAGAAACAGTAAAACCTTTTATGACAGGGGCTGCAAAACAAATCAAGGACATCCTTG,protein_coding,PRJNA139513,A/Vietnam/1203/2004(H5N1) vs. mock infection,Calu-3,A/Vietnam/1203/2004(H5N1),1,12,0.604471610000003,4.65278432074877,-2.28179833425686,0.003555582001625,0.0113243313295275,NA,NA,NA
7178,TPT1,GAACAGAGACCAGAAAGAGTAAAACCTTTTATGACAGGGGCTGCAGAACAAATCAAGCAC,protein_coding,PRJNA139513,A/Vietnam/1203/2004(H5N1) vs. mock infection,Calu-3,A/Vietnam/1203/2004(H5N1),1,12,0.420599469999999,3.48586536462328,-3.73489556969613,0.0131931590554986,0.0318887188421453,NA,NA,NA
7178,TPT1,GAAAGCACAGTAATCACTGCTGTCGATGTTGTCATGAACCATCACCTGCAGGAAACAAGT,protein_coding,PRJNA139513,A/Vietnam/1203/2004(H5N1) vs. mock infection,Calu-3,A/Vietnam/1203/2004(H5N1),1,12,0.492601563333332,3.48361715198373,-3.73788437993948,0.0132291784079441,0.0319607032545552,NA,NA,NA
7178,TPT1,GACCAGAAACAGTAAAACCTTTTATGACAGGGGCTGCAAAACAAATCAAGGACATCCTTG,protein_coding,PRJNA139513,A/Vietnam/1203/2004(H5N1) vs. mock infection,Calu-3,A/Vietnam/1203/2004(H5N1),1,18,0.612490129999996,3.19995230737112,-3.74738229485583,0.0179890252811121,0.0448526409171467,NA,NA,NA
7178,TPT1,GAACAGAGACCAGAAAGAGTAAAACCTTTTATGACAGGGGCTGCAGAACAAATCAAGCAC,protein_coding,PRJNA139513,A/Vietnam/1203/2004(H5N1) vs. mock infection,Calu-3,A/Vietnam/1203/2004(H5N1),1,18,0.328446850000001,1.7275662718693,-5.81497146135807,0.133621001481649,0.223844802473917,NA,NA,NA
7178,TPT1,GAAAGCACAGTAATCACTGCTGTCGATGTTGTCATGAACCATCACCTGCAGGAAACAAGT,protein_coding,PRJNA139513,A/Vietnam/1203/2004(H5N1) vs. mock infection,Calu-3,A/Vietnam/1203/2004(H5N1),1,18,0.297564913333327,1.63939271212143,-5.93217848521033,0.151057797244443,0.245978237271957,NA,NA,NA
7178,TPT1,GACCAGAAACAGTAAAACCTTTTATGACAGGGGCTGCAAAACAAATCAAGGACATCCTTG,protein_coding,PRJNA139513,A/Vietnam/1203/2004(H5N1) vs. mock infection,Calu-3,A/Vietnam/1203/2004(H5N1),1,24,0.511780483333336,2.81450959587841,-4.44966623393222,0.0298429103251622,0.0523086777190936,NA,NA,NA
7178,TPT1,GAAAGCACAGTAATCACTGCTGTCGATGTTGTCATGAACCATCACCTGCAGGAAACAAGT,protein_coding,PRJNA139513,A/Vietnam/1203/2004(H5N1) vs. mock infection,Calu-3,A/Vietnam/1203/2004(H5N1),1,24,0.372540843333329,2.02604451614818,-5.57168646845063,0.0880966676371643,0.130993418219205,NA,NA,NA
7178,TPT1,GAACAGAGACCAGAAAGAGTAAAACCTTTTATGACAGGGGCTGCAGAACAAATCAAGCAC,protein_coding,PRJNA139513,A/Vietnam/1203/2004(H5N1) vs. mock infection,Calu-3,A/Vietnam/1203/2004(H5N1),1,24,0.206573556666665,1.2941137256624,-6.53296396330002,0.242191621030875,0.308236361701335,NA,NA,NA
7178,TPT1,GACCAGAAACAGTAAAACCTTTTATGACAGGGGCTGCAAAACAAATCAAGGACATCCTTG,protein_coding,PRJNA139513,A/Vietnam/1203/2004(H5N1) vs. mock infection,Calu-3,A/Vietnam/1203/2004(H5N1),1,3,0.137913813333332,1.48040990551284,-4.51445013349095,0.192708806089922,0.661491653386032,NA,NA,NA
7178,TPT1,GAACAGAGACCAGAAAGAGTAAAACCTTTTATGACAGGGGCTGCAGAACAAATCAAGCAC,protein_coding,PRJNA139513,A/Vietnam/1203/2004(H5N1) vs. mock infection,Calu-3,A/Vietnam/1203/2004(H5N1),1,3,0.0818936899999994,0.808692746024764,-5.03435361978284,0.451672699857815,0.823666405172278,NA,NA,NA
7178,TPT1,GAAAGCACAGTAATCACTGCTGTCGATGTTGTCATGAACCATCACCTGCAGGAAACAAGT,protein_coding,PRJNA139513,A/Vietnam/1203/2004(H5N1) vs. mock infection,Calu-3,A/Vietnam/1203/2004(H5N1),1,3,0.00972545666666313,0.0918234411518398,-5.30362782782155,0.930034389083608,0.979219768312645,NA,NA,NA
7178,TPT1,GACCAGAAACAGTAAAACCTTTTATGACAGGGGCTGCAAAACAAATCAAGGACATCCTTG,protein_coding,PRJNA139513,A/Vietnam/1203/2004(H5N1) vs. mock infection,Calu-3,A/Vietnam/1203/2004(H5N1),1,7,0.402408739999995,4.04408902043982,-2.73888573782422,0.00725384957205386,0.0377194656613041,NA,NA,NA
7178,TPT1,GAACAGAGACCAGAAAGAGTAAAACCTTTTATGACAGGGGCTGCAGAACAAATCAAGCAC,protein_coding,PRJNA139513,A/Vietnam/1203/2004(H5N1) vs. mock infection,Calu-3,A/Vietnam/1203/2004(H5N1),1,7,0.26465196666666,2.6428110552946,-4.58217604166584,0.0396223605013881,0.11740351158829,NA,NA,NA
7178,TPT1,GAAAGCACAGTAATCACTGCTGTCGATGTTGTCATGAACCATCACCTGCAGGAAACAAGT,protein_coding,PRJNA139513,A/Vietnam/1203/2004(H5N1) vs. mock infection,Calu-3,A/Vietnam/1203/2004(H5N1),1,7,0.170229466666663,1.38426663737265,-6.28461248836969,0.217139932321753,0.382439637446842,NA,NA,NA
7178,TPT1,GAACAGAGACCAGAAAGAGTAAAACCTTTTATGACAGGGGCTGCAGAACAAATCAAGCAC,protein_coding,PRJNA163315,A/California/04/09 (H1N1) vs. mock infection,Calu-3,A/California/04/09 (H1N1),3,0,-0.0590377100000019,-0.78964596308326,-5.7102770725361,0.459233977710655,0.762945005475814,NA,NA,NA
7178,TPT1,GACCAGAAACAGTAAAACCTTTTATGACAGGGGCTGCAAAACAAATCAAGGACATCCTTG,protein_coding,PRJNA163315,A/California/04/09 (H1N1) vs. mock infection,Calu-3,A/California/04/09 (H1N1),3,0,0.0387752999999975,0.711592220367658,-5.76887645252208,0.502933057032277,0.787210733990206,NA,NA,NA
7178,TPT1,GAAAGCACAGTAATCACTGCTGTCGATGTTGTCATGAACCATCACCTGCAGGAAACAAGT,protein_coding,PRJNA163315,A/California/04/09 (H1N1) vs. mock infection,Calu-3,A/California/04/09 (H1N1),3,0,-0.00474760666666718,-0.0803987831344442,-6.03184730449097,0.938485550127591,0.978923642605511,NA,NA,NA
7178,TPT1,GAACAGAGACCAGAAAGAGTAAAACCTTTTATGACAGGGGCTGCAGAACAAATCAAGCAC,protein_coding,PRJNA163315,A/California/04/09 (H1N1) vs. mock infection,Calu-3,A/California/04/09 (H1N1),3,12,0.33392840666667,4.50859605966524,-2.72386308199913,0.00407100866058211,0.0142740890425976,NA,NA,NA
7178,TPT1,GAAAGCACAGTAATCACTGCTGTCGATGTTGTCATGAACCATCACCTGCAGGAAACAAGT,protein_coding,PRJNA163315,A/California/04/09 (H1N1) vs. mock infection,Calu-3,A/California/04/09 (H1N1),3,12,0.265866060000004,3.54651574840453,-3.93752564260505,0.0121319427750663,0.0315600793060498,NA,NA,NA
7178,TPT1,GACCAGAAACAGTAAAACCTTTTATGACAGGGGCTGCAAAACAAATCAAGGACATCCTTG,protein_coding,PRJNA163315,A/California/04/09 (H1N1) vs. mock infection,Calu-3,A/California/04/09 (H1N1),3,12,0.287572193333338,2.92333087113003,-4.79037414648464,0.026529734168977,0.0572591217053992,NA,NA,NA
7178,TPT1,GACCAGAAACAGTAAAACCTTTTATGACAGGGGCTGCAAAACAAATCAAGGACATCCTTG,protein_coding,PRJNA163315,A/California/04/09 (H1N1) vs. mock infection,Calu-3,A/California/04/09 (H1N1),3,18,0.19245728666667,1.59575722363515,-6.57109104694477,0.15767424484371,0.224974823000373,NA,NA,NA
7178,TPT1,GAACAGAGACCAGAAAGAGTAAAACCTTTTATGACAGGGGCTGCAGAACAAATCAAGCAC,protein_coding,PRJNA163315,A/California/04/09 (H1N1) vs. mock infection,Calu-3,A/California/04/09 (H1N1),3,18,0.138783249999994,1.38728829148816,-6.83770952058881,0.210883338726601,0.285579490875614,NA,NA,NA
7178,TPT1,GAAAGCACAGTAATCACTGCTGTCGATGTTGTCATGAACCATCACCTGCAGGAAACAAGT,protein_coding,PRJNA163315,A/California/04/09 (H1N1) vs. mock infection,Calu-3,A/California/04/09 (H1N1),3,18,0.0812377200000025,0.906008987956626,-7.36335432678675,0.397150646733432,0.481741060223433,NA,NA,NA
7178,TPT1,GAACAGAGACCAGAAAGAGTAAAACCTTTTATGACAGGGGCTGCAGAACAAATCAAGCAC,protein_coding,PRJNA163315,A/California/04/09 (H1N1) vs. mock infection,Calu-3,A/California/04/09 (H1N1),3,24,-0.0607703900000001,-0.943644125197267,-7.52070851423508,0.383093274891518,0.474798887222855,NA,NA,NA
7178,TPT1,GAAAGCACAGTAATCACTGCTGTCGATGTTGTCATGAACCATCACCTGCAGGAAACAAGT,protein_coding,PRJNA163315,A/California/04/09 (H1N1) vs. mock infection,Calu-3,A/California/04/09 (H1N1),3,24,-0.0502845600000068,-0.805858379447655,-7.64532918912068,0.452185412192407,0.541752196483026,NA,NA,NA
7178,TPT1,GACCAGAAACAGTAAAACCTTTTATGACAGGGGCTGCAAAACAAATCAAGGACATCCTTG,protein_coding,PRJNA163315,A/California/04/09 (H1N1) vs. mock infection,Calu-3,A/California/04/09 (H1N1),3,24,-0.0113056666666616,-0.0913580353287691,-8.00098090440691,0.930290727830151,0.947330633787564,NA,NA,NA
7178,TPT1,GAAAGCACAGTAATCACTGCTGTCGATGTTGTCATGAACCATCACCTGCAGGAAACAAGT,protein_coding,PRJNA163315,A/California/04/09 (H1N1) vs. mock infection,Calu-3,A/California/04/09 (H1N1),3,30,-0.343224833333339,-7.11456619631191,-0.441492922505734,0.000439523182894061,0.00183747245331505,NA,NA,NA
7178,TPT1,GAACAGAGACCAGAAAGAGTAAAACCTTTTATGACAGGGGCTGCAGAACAAATCAAGCAC,protein_coding,PRJNA163315,A/California/04/09 (H1N1) vs. mock infection,Calu-3,A/California/04/09 (H1N1),3,30,-0.295986263333338,-4.5376974811364,-3.02123618561074,0.00423059260763706,0.0104862371153245,NA,NA,NA
7178,TPT1,GACCAGAAACAGTAAAACCTTTTATGACAGGGGCTGCAAAACAAATCAAGGACATCCTTG,protein_coding,PRJNA163315,A/California/04/09 (H1N1) vs. mock infection,Calu-3,A/California/04/09 (H1N1),3,30,-0.10953206666667,-1.8424016894106,-6.60777384875221,0.116400129945968,0.163173732288834,NA,NA,NA
7178,TPT1,GAACAGAGACCAGAAAGAGTAAAACCTTTTATGACAGGGGCTGCAGAACAAATCAAGCAC,protein_coding,PRJNA163315,A/California/04/09 (H1N1) vs. mock infection,Calu-3,A/California/04/09 (H1N1),3,36,-0.293297553333332,-3.8499040749915,-3.38125460050235,0.0089356886776809,0.0288477454357049,NA,NA,NA
7178,TPT1,GAAAGCACAGTAATCACTGCTGTCGATGTTGTCATGAACCATCACCTGCAGGAAACAAGT,protein_coding,PRJNA163315,A/California/04/09 (H1N1) vs. mock infection,Calu-3,A/California/04/09 (H1N1),3,36,-0.302777336666665,-3.8284387995469,-3.40842389405271,0.00915705025718456,0.0293454869008982,NA,NA,NA
7178,TPT1,GACCAGAAACAGTAAAACCTTTTATGACAGGGGCTGCAAAACAAATCAAGGACATCCTTG,protein_coding,PRJNA163315,A/California/04/09 (H1N1) vs. mock infection,Calu-3,A/California/04/09 (H1N1),3,36,-0.175316883333336,-1.80073947626547,-6.17654161496392,0.123246985919769,0.210883473652585,NA,NA,NA
7178,TPT1,GACCAGAAACAGTAAAACCTTTTATGACAGGGGCTGCAAAACAAATCAAGGACATCCTTG,protein_coding,PRJNA163315,A/California/04/09 (H1N1) vs. mock infection,Calu-3,A/California/04/09 (H1N1),3,3,0.102841116666669,1.27848395559892,-4.64882706729202,0.246289351335181,0.999999999999963,NA,NA,NA
7178,TPT1,GAAAGCACAGTAATCACTGCTGTCGATGTTGTCATGAACCATCACCTGCAGGAAACAAGT,protein_coding,PRJNA163315,A/California/04/09 (H1N1) vs. mock infection,Calu-3,A/California/04/09 (H1N1),3,3,-0.0417139333333356,-0.424767006973914,-5.16361745412871,0.685174992387977,0.999999999999963,NA,NA,NA
7178,TPT1,GAACAGAGACCAGAAAGAGTAAAACCTTTTATGACAGGGGCTGCAGAACAAATCAAGCAC,protein_coding,PRJNA163315,A/California/04/09 (H1N1) vs. mock infection,Calu-3,A/California/04/09 (H1N1),3,3,-0.0144834733333354,-0.229433935600307,-5.21596344639613,0.825821792479541,0.999999999999963,NA,NA,NA
7178,TPT1,GACCAGAAACAGTAAAACCTTTTATGACAGGGGCTGCAAAACAAATCAAGGACATCCTTG,protein_coding,PRJNA163315,A/California/04/09 (H1N1) vs. mock infection,Calu-3,A/California/04/09 (H1N1),3,48,-0.378056766666669,-4.894612723262,-2.02173820268708,0.00285773566380199,0.0128986123291287,NA,NA,NA
7178,TPT1,GAAAGCACAGTAATCACTGCTGTCGATGTTGTCATGAACCATCACCTGCAGGAAACAAGT,protein_coding,PRJNA163315,A/California/04/09 (H1N1) vs. mock infection,Calu-3,A/California/04/09 (H1N1),3,48,-0.351906190000005,-4.44950713986317,-2.53305647039852,0.0045132641227288,0.017631475846546,NA,NA,NA
7178,TPT1,GAACAGAGACCAGAAAGAGTAAAACCTTTTATGACAGGGGCTGCAGAACAAATCAAGCAC,protein_coding,PRJNA163315,A/California/04/09 (H1N1) vs. mock infection,Calu-3,A/California/04/09 (H1N1),3,48,-0.338445886666669,-4.40955751242738,-2.58037072835899,0.00470868037601752,0.0181594783787448,NA,NA,NA
7178,TPT1,GAAAGCACAGTAATCACTGCTGTCGATGTTGTCATGAACCATCACCTGCAGGAAACAAGT,protein_coding,PRJNA163315,A/California/04/09 (H1N1) vs. mock infection,Calu-3,A/California/04/09 (H1N1),3,7,0.139055376666665,2.33929898412041,-5.39654439149444,0.0571121312140294,0.15493695700794,NA,NA,NA
7178,TPT1,GAACAGAGACCAGAAAGAGTAAAACCTTTTATGACAGGGGCTGCAGAACAAATCAAGCAC,protein_coding,PRJNA163315,A/California/04/09 (H1N1) vs. mock infection,Calu-3,A/California/04/09 (H1N1),3,7,0.117616863333335,1.92679515419615,-5.98030328867314,0.101396377010163,0.224539947578649,NA,NA,NA
7178,TPT1,GACCAGAAACAGTAAAACCTTTTATGACAGGGGCTGCAAAACAAATCAAGGACATCCTTG,protein_coding,PRJNA163315,A/California/04/09 (H1N1) vs. mock infection,Calu-3,A/California/04/09 (H1N1),3,7,0.0716127533333317,0.815428519707099,-7.29707062529935,0.445424365419282,0.594727260758746,NA,NA,NA
7178,TPT1,GAAAGCACAGTAATCACTGCTGTCGATGTTGTCATGAACCATCACCTGCAGGAAACAAGT,protein_coding,PRJNA175069,A/California/04/09 (H1N1) vs. mock infection,Calu-3,A/California/04/09 (H1N1),3,0,-0.0467755866666657,-0.76776295862169,-5.58967532115883,0.472952535950341,0.92430800371396,NA,NA,NA
7178,TPT1,GAACAGAGACCAGAAAGAGTAAAACCTTTTATGACAGGGGCTGCAGAACAAATCAAGCAC,protein_coding,PRJNA175069,A/California/04/09 (H1N1) vs. mock infection,Calu-3,A/California/04/09 (H1N1),3,0,-0.0341127566666675,-0.543098739233256,-5.73740568835843,0.607444588152026,0.944068550799798,NA,NA,NA
7178,TPT1,GACCAGAAACAGTAAAACCTTTTATGACAGGGGCTGCAAAACAAATCAAGGACATCCTTG,protein_coding,PRJNA175069,A/California/04/09 (H1N1) vs. mock infection,Calu-3,A/California/04/09 (H1N1),3,0,0.0154317666666621,0.268861321307926,-5.85434840624157,0.79741727332862,0.975395328192009,NA,NA,NA
7178,TPT1,GACCAGAAACAGTAAAACCTTTTATGACAGGGGCTGCAAAACAAATCAAGGACATCCTTG,protein_coding,PRJNA175069,A/California/04/09 (H1N1) vs. mock infection,Calu-3,A/California/04/09 (H1N1),3,12,0.217302453333334,3.43725540720065,-3.63016248886724,0.0137720183649429,0.0346024115990275,NA,NA,NA
7178,TPT1,GAACAGAGACCAGAAAGAGTAAAACCTTTTATGACAGGGGCTGCAGAACAAATCAAGCAC,protein_coding,PRJNA175069,A/California/04/09 (H1N1) vs. mock infection,Calu-3,A/California/04/09 (H1N1),3,12,0.110686066666668,2.35921409550817,-5.13152055417797,0.0561995471582118,0.103368805744818,NA,NA,NA
7178,TPT1,GAAAGCACAGTAATCACTGCTGTCGATGTTGTCATGAACCATCACCTGCAGGAAACAAGT,protein_coding,PRJNA175069,A/California/04/09 (H1N1) vs. mock infection,Calu-3,A/California/04/09 (H1N1),3,12,0.106132650000001,2.044006412941,-5.57656563510791,0.0867978938892769,0.145615186029645,NA,NA,NA
7178,TPT1,GACCAGAAACAGTAAAACCTTTTATGACAGGGGCTGCAAAACAAATCAAGGACATCCTTG,protein_coding,PRJNA175069,A/California/04/09 (H1N1) vs. mock infection,Calu-3,A/California/04/09 (H1N1),3,24,0.205690589999996,2.91280663273279,-4.8562277819745,0.0267403907604975,0.0636551256150177,NA,NA,NA
7178,TPT1,GAAAGCACAGTAATCACTGCTGTCGATGTTGTCATGAACCATCACCTGCAGGAAACAAGT,protein_coding,PRJNA175069,A/California/04/09 (H1N1) vs. mock infection,Calu-3,A/California/04/09 (H1N1),3,24,0.0986517733333319,1.77712603507841,-6.45928488297472,0.125650748340348,0.207789838680532,NA,NA,NA
7178,TPT1,GAACAGAGACCAGAAAGAGTAAAACCTTTTATGACAGGGGCTGCAGAACAAATCAAGCAC,protein_coding,PRJNA175069,A/California/04/09 (H1N1) vs. mock infection,Calu-3,A/California/04/09 (H1N1),3,24,0.105255910000002,1.74433110112361,-6.5036571255718,0.131493105048514,0.214895442385018,NA,NA,NA
7178,TPT1,GAACAGAGACCAGAAAGAGTAAAACCTTTTATGACAGGGGCTGCAGAACAAATCAAGCAC,protein_coding,PRJNA175069,A/California/04/09 (H1N1) vs. mock infection,Calu-3,A/California/04/09 (H1N1),3,48,-0.332158993333341,-2.45482150882877,-5.2491674154399,0.0484014904140164,0.108482023033857,NA,NA,NA
7178,TPT1,GACCAGAAACAGTAAAACCTTTTATGACAGGGGCTGCAAAACAAATCAAGGACATCCTTG,protein_coding,PRJNA175069,A/California/04/09 (H1N1) vs. mock infection,Calu-3,A/California/04/09 (H1N1),3,48,-0.150214696666668,-1.77895291098107,-6.20402939697958,0.124244934058053,0.221486695634625,NA,NA,NA
7178,TPT1,GAAAGCACAGTAATCACTGCTGTCGATGTTGTCATGAACCATCACCTGCAGGAAACAAGT,protein_coding,PRJNA175069,A/California/04/09 (H1N1) vs. mock infection,Calu-3,A/California/04/09 (H1N1),3,48,-0.0850482899999996,-0.802117711041665,-7.32962081117225,0.452293263834453,0.577327002075304,NA,NA,NA
7178,TPT1,GACCAGAAACAGTAAAACCTTTTATGACAGGGGCTGCAAAACAAATCAAGGACATCCTTG,protein_coding,PRJNA175069,A/Netherlands/602/2009 (H1N1) vs. mock infection,Calu-3,A/Netherlands/602/2009 (H1N1),3,0,0.0476542999999996,0.815120245440537,-5.71779336282872,0.446822640577652,0.799061478500873,NA,NA,NA
7178,TPT1,GAACAGAGACCAGAAAGAGTAAAACCTTTTATGACAGGGGCTGCAGAACAAATCAAGCAC,protein_coding,PRJNA175069,A/Netherlands/602/2009 (H1N1) vs. mock infection,Calu-3,A/Netherlands/602/2009 (H1N1),3,0,0.0367499633333352,0.667729151609163,-5.82793328198548,0.529681441065359,0.832978412428805,NA,NA,NA
7178,TPT1,GAAAGCACAGTAATCACTGCTGTCGATGTTGTCATGAACCATCACCTGCAGGAAACAAGT,protein_coding,PRJNA175069,A/Netherlands/602/2009 (H1N1) vs. mock infection,Calu-3,A/Netherlands/602/2009 (H1N1),3,0,0.0322266499999966,0.605142366444633,-5.86908507484972,0.567737165893551,0.849991505942988,NA,NA,NA
7178,TPT1,GACCAGAAACAGTAAAACCTTTTATGACAGGGGCTGCAAAACAAATCAAGGACATCCTTG,protein_coding,PRJNA175069,A/Netherlands/602/2009 (H1N1) vs. mock infection,Calu-3,A/Netherlands/602/2009 (H1N1),3,12,0.246097920000002,3.36084400276455,-3.46904713590345,0.0152186593893988,0.0805708487864661,NA,NA,NA
7178,TPT1,GAAAGCACAGTAATCACTGCTGTCGATGTTGTCATGAACCATCACCTGCAGGAAACAAGT,protein_coding,PRJNA175069,A/Netherlands/602/2009 (H1N1) vs. mock infection,Calu-3,A/Netherlands/602/2009 (H1N1),3,12,0.221497476666666,2.98718951220603,-3.97672907054023,0.0244150224404023,0.103071722850001,NA,NA,NA
7178,TPT1,GAACAGAGACCAGAAAGAGTAAAACCTTTTATGACAGGGGCTGCAGAACAAATCAAGCAC,protein_coding,PRJNA175069,A/Netherlands/602/2009 (H1N1) vs. mock infection,Calu-3,A/Netherlands/602/2009 (H1N1),3,12,0.137725020000003,2.70072760128685,-4.37546528952239,0.0355491146211666,0.127110938620936,NA,NA,NA
7178,TPT1,GACCAGAAACAGTAAAACCTTTTATGACAGGGGCTGCAAAACAAATCAAGGACATCCTTG,protein_coding,PRJNA175069,A/Netherlands/602/2009 (H1N1) vs. mock infection,Calu-3,A/Netherlands/602/2009 (H1N1),3,18,0.225539026666668,2.80233976529696,-4.48778313290503,0.0298007472672726,0.156303070252253,NA,NA,NA
7178,TPT1,GAACAGAGACCAGAAAGAGTAAAACCTTTTATGACAGGGGCTGCAGAACAAATCAAGCAC,protein_coding,PRJNA175069,A/Netherlands/602/2009 (H1N1) vs. mock infection,Calu-3,A/Netherlands/602/2009 (H1N1),3,18,0.208364026666661,2.72737891786865,-4.59501065960336,0.0329797243664605,0.163726235958379,NA,NA,NA
7178,TPT1,GAAAGCACAGTAATCACTGCTGTCGATGTTGTCATGAACCATCACCTGCAGGAAACAAGT,protein_coding,PRJNA175069,A/Netherlands/602/2009 (H1N1) vs. mock infection,Calu-3,A/Netherlands/602/2009 (H1N1),3,18,0.0927548766666657,1.14742954848425,-6.73069916181348,0.293287863309886,0.525998653963687,NA,NA,NA
7178,TPT1,GACCAGAAACAGTAAAACCTTTTATGACAGGGGCTGCAAAACAAATCAAGGACATCCTTG,protein_coding,PRJNA175069,A/Netherlands/602/2009 (H1N1) vs. mock infection,Calu-3,A/Netherlands/602/2009 (H1N1),3,24,0.122929743333327,1.76244915761136,-6.21220851747527,0.128515039382282,0.246721837604381,NA,NA,NA
7178,TPT1,GAACAGAGACCAGAAAGAGTAAAACCTTTTATGACAGGGGCTGCAGAACAAATCAAGCAC,protein_coding,PRJNA175069,A/Netherlands/602/2009 (H1N1) vs. mock infection,Calu-3,A/Netherlands/602/2009 (H1N1),3,24,0.092468406666665,1.28767574121706,-6.8164841795399,0.245343127631615,0.386068060921393,NA,NA,NA
7178,TPT1,GAAAGCACAGTAATCACTGCTGTCGATGTTGTCATGAACCATCACCTGCAGGAAACAAGT,protein_coding,PRJNA175069,A/Netherlands/602/2009 (H1N1) vs. mock infection,Calu-3,A/Netherlands/602/2009 (H1N1),3,24,0.044490849999999,0.562469101559565,-7.48898489313612,0.594194228830553,0.7170155019174,NA,NA,NA
7178,TPT1,GACCAGAAACAGTAAAACCTTTTATGACAGGGGCTGCAAAACAAATCAAGGACATCCTTG,protein_coding,PRJNA175069,A/Netherlands/602/2009 (H1N1) vs. mock infection,Calu-3,A/Netherlands/602/2009 (H1N1),3,30,0.180669853333329,2.54327851326975,-5.36668002599194,0.044452442570511,0.073239931026664,NA,NA,NA
7178,TPT1,GAACAGAGACCAGAAAGAGTAAAACCTTTTATGACAGGGGCTGCAGAACAAATCAAGCAC,protein_coding,PRJNA175069,A/Netherlands/602/2009 (H1N1) vs. mock infection,Calu-3,A/Netherlands/602/2009 (H1N1),3,30,0.171695389999998,2.19262939177495,-5.86320123062367,0.0714792847381767,0.108538487485947,NA,NA,NA
7178,TPT1,GAAAGCACAGTAATCACTGCTGTCGATGTTGTCATGAACCATCACCTGCAGGAAACAAGT,protein_coding,PRJNA175069,A/Netherlands/602/2009 (H1N1) vs. mock infection,Calu-3,A/Netherlands/602/2009 (H1N1),3,30,0.0479479699999974,0.716777585504828,-7.62860725955024,0.500829573933759,0.564008341447036,NA,NA,NA
7178,TPT1,GAACAGAGACCAGAAAGAGTAAAACCTTTTATGACAGGGGCTGCAGAACAAATCAAGCAC,protein_coding,PRJNA175069,A/Netherlands/602/2009 (H1N1) vs. mock infection,Calu-3,A/Netherlands/602/2009 (H1N1),3,36,-0.130313296666669,-1.30086983072308,-7.11807170796719,0.242716728209921,0.324944202655163,NA,NA,NA
7178,TPT1,GAAAGCACAGTAATCACTGCTGTCGATGTTGTCATGAACCATCACCTGCAGGAAACAAGT,protein_coding,PRJNA175069,A/Netherlands/602/2009 (H1N1) vs. mock infection,Calu-3,A/Netherlands/602/2009 (H1N1),3,36,0.0901435799999977,1.13199815704639,-7.30951776869129,0.302368874048953,0.3888101298872,NA,NA,NA
7178,TPT1,GACCAGAAACAGTAAAACCTTTTATGACAGGGGCTGCAAAACAAATCAAGGACATCCTTG,protein_coding,PRJNA175069,A/Netherlands/602/2009 (H1N1) vs. mock infection,Calu-3,A/Netherlands/602/2009 (H1N1),3,36,0.0483751133333321,0.867657298560763,-7.57292995896625,0.420114909105155,0.506972644567667,NA,NA,NA
7178,TPT1,GAACAGAGACCAGAAAGAGTAAAACCTTTTATGACAGGGGCTGCAGAACAAATCAAGCAC,protein_coding,PRJNA175069,A/Netherlands/602/2009 (H1N1) vs. mock infection,Calu-3,A/Netherlands/602/2009 (H1N1),3,3,-0.132736933333332,-1.14070448231298,-5.15054498487121,0.2968141174348,0.915868896050199,NA,NA,NA
7178,TPT1,GACCAGAAACAGTAAAACCTTTTATGACAGGGGCTGCAAAACAAATCAAGGACATCCTTG,protein_coding,PRJNA175069,A/Netherlands/602/2009 (H1N1) vs. mock infection,Calu-3,A/Netherlands/602/2009 (H1N1),3,3,0.0670406066666693,0.791785481692563,-5.45239311484753,0.458177621680485,0.927414331834761,NA,NA,NA
7178,TPT1,GAAAGCACAGTAATCACTGCTGTCGATGTTGTCATGAACCATCACCTGCAGGAAACAAGT,protein_coding,PRJNA175069,A/Netherlands/602/2009 (H1N1) vs. mock infection,Calu-3,A/Netherlands/602/2009 (H1N1),3,3,-0.0143310899999953,-0.174898683996607,-5.74865876660725,0.866823590519827,0.982270392358449,NA,NA,NA
7178,TPT1,GACCAGAAACAGTAAAACCTTTTATGACAGGGGCTGCAAAACAAATCAAGGACATCCTTG,protein_coding,PRJNA175069,A/Netherlands/602/2009 (H1N1) vs. mock infection,Calu-3,A/Netherlands/602/2009 (H1N1),3,48,-0.181562459999999,-2.11097191431847,-5.7445738027188,0.0775223134726113,0.148952864715888,NA,NA,NA
7178,TPT1,GAACAGAGACCAGAAAGAGTAAAACCTTTTATGACAGGGGCTGCAGAACAAATCAAGCAC,protein_coding,PRJNA175069,A/Netherlands/602/2009 (H1N1) vs. mock infection,Calu-3,A/Netherlands/602/2009 (H1N1),3,48,-0.0895099900000034,-1.11137058126529,-7.03766633398065,0.307413700411979,0.423491510432011,NA,NA,NA
7178,TPT1,GAAAGCACAGTAATCACTGCTGTCGATGTTGTCATGAACCATCACCTGCAGGAAACAAGT,protein_coding,PRJNA175069,A/Netherlands/602/2009 (H1N1) vs. mock infection,Calu-3,A/Netherlands/602/2009 (H1N1),3,48,-0.0619367633333354,-0.805646412150846,-7.33253648539839,0.45006956250316,0.561996436947538,NA,NA,NA
7178,TPT1,GAACAGAGACCAGAAAGAGTAAAACCTTTTATGACAGGGGCTGCAGAACAAATCAAGCAC,protein_coding,PRJNA175069,A/Netherlands/602/2009 (H1N1) vs. mock infection,Calu-3,A/Netherlands/602/2009 (H1N1),3,7,0.190803179999998,1.06481373643303,-5.4041081018725,0.32682519427032,0.55847343937664,NA,NA,NA
7178,TPT1,GAAAGCACAGTAATCACTGCTGTCGATGTTGTCATGAACCATCACCTGCAGGAAACAAGT,protein_coding,PRJNA175069,A/Netherlands/602/2009 (H1N1) vs. mock infection,Calu-3,A/Netherlands/602/2009 (H1N1),3,7,0.0822547933333304,0.908344074853382,-5.54751665557707,0.397768734007601,0.617184277876631,NA,NA,NA
7178,TPT1,GACCAGAAACAGTAAAACCTTTTATGACAGGGGCTGCAAAACAAATCAAGGACATCCTTG,protein_coding,PRJNA175069,A/Netherlands/602/2009 (H1N1) vs. mock infection,Calu-3,A/Netherlands/602/2009 (H1N1),3,7,-0.0344406466666687,-0.443336450120019,-5.86165672445028,0.672637872858038,0.813048149482564,NA,NA,NA
7178,TPT1,GAACAGAGACCAGAAAGAGTAAAACCTTTTATGACAGGGGCTGCAGAACAAATCAAGCAC,protein_coding,PRJNA215073,A/Anhui/01/2013 (H7N9) vs. mock infection,Calu-3,A/Anhui/01/2013 (H7N9),1,12,0.372454279999992,3.56680595283881,-3.3315597231494,0.00666690620926476,0.0209267767613603,NA,NA,NA
7178,TPT1,GACCAGAAACAGTAAAACCTTTTATGACAGGGGCTGCAAAACAAATCAAGGACATCCTTG,protein_coding,PRJNA215073,A/Anhui/01/2013 (H7N9) vs. mock infection,Calu-3,A/Anhui/01/2013 (H7N9),1,12,0.393364412499999,3.2967957282605,-3.76280935192886,0.0100674414970939,0.0288152789068899,NA,NA,NA
7178,TPT1,GACCAGAAACAGTAAAACCTTTTATGACAGGGGCTGCAAAACAAATCAAGGACATCCTTG,protein_coding,PRJNA215073,A/Anhui/01/2013 (H7N9) vs. mock infection,Calu-3,A/Anhui/01/2013 (H7N9),1,24,0.455872947499994,4.67404520927143,-2.0282169231667,0.00149177563528999,0.00268265749497514,NA,NA,NA
7178,TPT1,GAACAGAGACCAGAAAGAGTAAAACCTTTTATGACAGGGGCTGCAGAACAAATCAAGCAC,protein_coding,PRJNA215073,A/Anhui/01/2013 (H7N9) vs. mock infection,Calu-3,A/Anhui/01/2013 (H7N9),1,24,0.347062464999993,4.38568601654605,-2.44500132040514,0.00219631936774167,0.00380566674921241,NA,NA,NA
7178,TPT1,GACCAGAAACAGTAAAACCTTTTATGACAGGGGCTGCAAAACAAATCAAGGACATCCTTG,protein_coding,PRJNA215073,A/Anhui/01/2013 (H7N9) vs. mock infection,Calu-3,A/Anhui/01/2013 (H7N9),1,3,-0.166862057499996,-2.0804972701348,-4.99451551017292,0.0693426340729158,0.202855861497714,NA,NA,NA
7178,TPT1,GAACAGAGACCAGAAAGAGTAAAACCTTTTATGACAGGGGCTGCAGAACAAATCAAGCAC,protein_coding,PRJNA215073,A/Anhui/01/2013 (H7N9) vs. mock infection,Calu-3,A/Anhui/01/2013 (H7N9),1,3,-0.0083648000000025,-0.119031527932249,-6.91747301669155,0.908042590193291,0.951882927922791,NA,NA,NA
7178,TPT1,GAACAGAGACCAGAAAGAGTAAAACCTTTTATGACAGGGGCTGCAGAACAAATCAAGCAC,protein_coding,PRJNA215073,A/Anhui/01/2013 (H7N9) vs. mock infection,Calu-3,A/Anhui/01/2013 (H7N9),1,7,0.118804862500006,1.60993897800909,-5.52737167163862,0.145701403523425,0.388446027714575,NA,NA,NA
7178,TPT1,GACCAGAAACAGTAAAACCTTTTATGACAGGGGCTGCAAAACAAATCAAGGACATCCTTG,protein_coding,PRJNA215073,A/Anhui/01/2013 (H7N9) vs. mock infection,Calu-3,A/Anhui/01/2013 (H7N9),1,7,0.137323035,1.59747893930163,-5.54411760703698,0.148450512635012,0.392350697307399,NA,NA,NA
7178,TPT1,GAACAGAGACCAGAAAGAGTAAAACCTTTTATGACAGGGGCTGCAGAACAAATCAAGCAC,protein_coding,PRJNA215073,A/Netherland/219/2003 (H7N7) vs. mock infection,Calu-3,A/Netherland/219/2003 (H7N7),1,12,0.351385972499997,3.6988591887785,-2.95967159534653,0.00583412415111994,0.0238106509012852,NA,NA,NA
7178,TPT1,GACCAGAAACAGTAAAACCTTTTATGACAGGGGCTGCAAAACAAATCAAGGACATCCTTG,protein_coding,PRJNA215073,A/Netherland/219/2003 (H7N7) vs. mock infection,Calu-3,A/Netherland/219/2003 (H7N7),1,12,0.342291692500002,3.05827312484581,-3.96370006295134,0.0152395787775337,0.0476522730971375,NA,NA,NA
7178,TPT1,GACCAGAAACAGTAAAACCTTTTATGACAGGGGCTGCAAAACAAATCAAGGACATCCTTG,protein_coding,PRJNA215073,A/Netherland/219/2003 (H7N7) vs. mock infection,Calu-3,A/Netherland/219/2003 (H7N7),1,24,0.272703757499997,2.57192487056061,-5.17645403278469,0.0342894196409587,0.045348232152003,NA,NA,NA
7178,TPT1,GAACAGAGACCAGAAAGAGTAAAACCTTTTATGACAGGGGCTGCAGAACAAATCAAGCAC,protein_coding,PRJNA215073,A/Netherland/219/2003 (H7N7) vs. mock infection,Calu-3,A/Netherland/219/2003 (H7N7),1,24,0.218044869999993,2.27857385890485,-5.62961072665009,0.0536814211029294,0.0685145374175938,NA,NA,NA
7178,TPT1,GACCAGAAACAGTAAAACCTTTTATGACAGGGGCTGCAAAACAAATCAAGGACATCCTTG,protein_coding,PRJNA215073,A/Netherland/219/2003 (H7N7) vs. mock infection,Calu-3,A/Netherland/219/2003 (H7N7),1,3,-0.2889295,-4.615602,-1.353264,0.001620125,0.0120279,NA,NA,NA
7178,TPT1,GAACAGAGACCAGAAAGAGTAAAACCTTTTATGACAGGGGCTGCAGAACAAATCAAGCAC,protein_coding,PRJNA215073,A/Netherland/219/2003 (H7N7) vs. mock infection,Calu-3,A/Netherland/219/2003 (H7N7),1,3,0.02492647,0.4766185,-7.045664,0.6460994,0.7450916,NA,NA,NA
7178,TPT1,GAACAGAGACCAGAAAGAGTAAAACCTTTTATGACAGGGGCTGCAGAACAAATCAAGCAC,protein_coding,PRJNA215073,A/Netherland/219/2003 (H7N7) vs. mock infection,Calu-3,A/Netherland/219/2003 (H7N7),1,7,0.1773054925,2.49938981425983,-4.23412928059627,0.0363613681226544,0.172253889007857,NA,NA,NA
7178,TPT1,GACCAGAAACAGTAAAACCTTTTATGACAGGGGCTGCAAAACAAATCAAGGACATCCTTG,protein_coding,PRJNA215073,A/Netherland/219/2003 (H7N7) vs. mock infection,Calu-3,A/Netherland/219/2003 (H7N7),1,7,0.189980824999999,2.47294816505102,-4.27525489553859,0.0379068779052573,0.176244867302947,NA,NA,NA
7178,TPT1,GAACAGAGACCAGAAAGAGTAAAACCTTTTATGACAGGGGCTGCAGAACAAATCAAGCAC,protein_coding,PRJNA215073,A/Vietnam/1203/2004 (H5N1) vs. mock infection,Calu-3,A/Vietnam/1203/2004 (H5N1),1,12,0.214952740000001,2.3747547151447,-4.97260748662545,0.0438582530029195,0.14796060224521,NA,NA,NA
7178,TPT1,GACCAGAAACAGTAAAACCTTTTATGACAGGGGCTGCAAAACAAATCAAGGACATCCTTG,protein_coding,PRJNA215073,A/Vietnam/1203/2004 (H5N1) vs. mock infection,Calu-3,A/Vietnam/1203/2004 (H5N1),1,12,0.0167781324999989,0.196492647513611,-7.34941398536067,0.848956372452461,0.913610828160584,NA,NA,NA
7178,TPT1,GACCAGAAACAGTAAAACCTTTTATGACAGGGGCTGCAAAACAAATCAAGGACATCCTTG,protein_coding,PRJNA215073,A/Vietnam/1203/2004 (H5N1) vs. mock infection,Calu-3,A/Vietnam/1203/2004 (H5N1),1,24,0.165806857499998,1.58172983213516,-6.66474451470869,0.153161602829636,0.179095984011711,NA,NA,NA
7178,TPT1,GAACAGAGACCAGAAAGAGTAAAACCTTTTATGACAGGGGCTGCAGAACAAATCAAGCAC,protein_coding,PRJNA215073,A/Vietnam/1203/2004 (H5N1) vs. mock infection,Calu-3,A/Vietnam/1203/2004 (H5N1),1,24,0.123152165,1.48668185141506,-6.79094500180158,0.176192514075145,0.204101241560944,NA,NA,NA
7178,TPT1,GACCAGAAACAGTAAAACCTTTTATGACAGGGGCTGCAAAACAAATCAAGGACATCCTTG,protein_coding,PRJNA215073,A/Vietnam/1203/2004 (H5N1) vs. mock infection,Calu-3,A/Vietnam/1203/2004 (H5N1),1,3,-0.0835672958333369,-0.861009774163834,-6.75162610289186,0.41760415157169,0.599619845457329,NA,NA,NA
7178,TPT1,GAACAGAGACCAGAAAGAGTAAAACCTTTTATGACAGGGGCTGCAGAACAAATCAAGCAC,protein_coding,PRJNA215073,A/Vietnam/1203/2004 (H5N1) vs. mock infection,Calu-3,A/Vietnam/1203/2004 (H5N1),1,3,-0.00588323583333406,-0.0962405143229768,-7.14632393521893,0.926013346481595,0.962276911023159,NA,NA,NA
7178,TPT1,GAACAGAGACCAGAAAGAGTAAAACCTTTTATGACAGGGGCTGCAGAACAAATCAAGCAC,protein_coding,PRJNA215073,A/Vietnam/1203/2004 (H5N1) vs. mock infection,Calu-3,A/Vietnam/1203/2004 (H5N1),1,7,-0.0355995999999941,-0.452195993483316,-5.43424306243594,0.662556079267745,0.897947496800542,NA,NA,NA
7178,TPT1,GACCAGAAACAGTAAAACCTTTTATGACAGGGGCTGCAAAACAAATCAAGGACATCCTTG,protein_coding,PRJNA215073,A/Vietnam/1203/2004 (H5N1) vs. mock infection,Calu-3,A/Vietnam/1203/2004 (H5N1),1,7,0.000778192500002106,0.00806735262804327,-5.52961986738221,0.993751220864554,0.998450370182517,NA,NA,NA
7178,TPT1,GACCAGAAACAGTAAAACCTTTTATGACAGGGGCTGCAAAACAAATCAAGGACATCCTTG,protein_coding,PRJNA215073,A/Panama/2007/1999 (H3N2) vs. mock infection,Calu-3,A/Panama/2007/1999 (H3N2),1,12,0.350116512500005,4.51457913441607,-2.32151960825318,0.00187094952869905,0.00564474523000842,NA,NA,NA
7178,TPT1,GAACAGAGACCAGAAAGAGTAAAACCTTTTATGACAGGGGCTGCAGAACAAATCAAGCAC,protein_coding,PRJNA215073,A/Panama/2007/1999 (H3N2) vs. mock infection,Calu-3,A/Panama/2007/1999 (H3N2),1,12,0.279100782500002,3.03918133243636,-4.58194324829544,0.0157256060190868,0.030839194127017,NA,NA,NA
7178,TPT1,GACCAGAAACAGTAAAACCTTTTATGACAGGGGCTGCAAAACAAATCAAGGACATCCTTG,protein_coding,PRJNA215073,A/Panama/2007/1999 (H3N2) vs. mock infection,Calu-3,A/Panama/2007/1999 (H3N2),1,24,-0.063596715000001,-0.534692246581242,-7.70628385936008,0.607339983164274,0.657763195775737,NA,NA,NA
7178,TPT1,GAACAGAGACCAGAAAGAGTAAAACCTTTTATGACAGGGGCTGCAGAACAAATCAAGCAC,protein_coding,PRJNA215073,A/Panama/2007/1999 (H3N2) vs. mock infection,Calu-3,A/Panama/2007/1999 (H3N2),1,24,-0.0318702525000027,-0.358806183057591,-7.7922938304431,0.72898721350362,0.767881866366519,NA,NA,NA
7178,TPT1,GACCAGAAACAGTAAAACCTTTTATGACAGGGGCTGCAAAACAAATCAAGGACATCCTTG,protein_coding,PRJNA215073,A/Panama/2007/1999 (H3N2) vs. mock infection,Calu-3,A/Panama/2007/1999 (H3N2),1,3,-0.412743515833327,-4.80608083060281,-1.2060115372325,0.00182972404638793,0.0186666932359358,NA,NA,NA
7178,TPT1,GAACAGAGACCAGAAAGAGTAAAACCTTTTATGACAGGGGCTGCAGAACAAATCAAGCAC,protein_coding,PRJNA215073,A/Panama/2007/1999 (H3N2) vs. mock infection,Calu-3,A/Panama/2007/1999 (H3N2),1,3,-0.147675639166666,-2.19304617267713,-4.9039049589169,0.0635067732275955,0.175317746314164,NA,NA,NA
7178,TPT1,GACCAGAAACAGTAAAACCTTTTATGACAGGGGCTGCAAAACAAATCAAGGACATCCTTG,protein_coding,PRJNA215073,A/Panama/2007/1999 (H3N2) vs. mock infection,Calu-3,A/Panama/2007/1999 (H3N2),1,7,0.0823633349999984,0.992250021703554,-6.33245805827301,0.349300253889626,0.551963626307271,NA,NA,NA
7178,TPT1,GAACAGAGACCAGAAAGAGTAAAACCTTTTATGACAGGGGCTGCAGAACAAATCAAGCAC,protein_coding,PRJNA215073,A/Panama/2007/1999 (H3N2) vs. mock infection,Calu-3,A/Panama/2007/1999 (H3N2),1,7,0.0411594525000041,0.456695791502022,-6.73361439425726,0.659681605285929,0.795870908229316,NA,NA,NA
7178,TPT1,NA,protein_coding,PRJNA349748,A/California/04/09 (H1N1) vs. mock infection,human tracheobronchial epithelial cells (HTBE),A/California/04/09 (H1N1),5,12,-0.010889436,NA,NA,0.957832503,0.981671287,NA,NA,NA
7178,TPT1,NA,protein_coding,PRJNA349748,A/California/04/09 (H1N1) vs. mock infection,human tracheobronchial epithelial cells (HTBE),A/California/04/09 (H1N1),5,18,0.174601526,NA,NA,0.396579006,0.525658378,NA,NA,NA
7178,TPT1,NA,protein_coding,PRJNA349748,A/California/04/09 (H1N1) vs. mock infection,human tracheobronchial epithelial cells (HTBE),A/California/04/09 (H1N1),5,24,-0.048072794,NA,NA,0.815447502,0.905549832,NA,NA,NA
7178,TPT1,NA,protein_coding,PRJNA349748,A/California/04/09 (H1N1) vs. mock infection,human tracheobronchial epithelial cells (HTBE),A/California/04/09 (H1N1),5,3,0.11848852,NA,NA,0.56516491,0.776020851,NA,NA,NA
7178,TPT1,NA,protein_coding,PRJNA349748,A/California/04/09 (H1N1) vs. mock infection,human tracheobronchial epithelial cells (HTBE),A/California/04/09 (H1N1),5,6,0.007507543,NA,NA,0.970925094,1,NA,NA,NA
7178,TPT1,NA,protein_coding,PRJNA349748,A/Wyoming/03/03 (H3N2) vs. mock infection,human tracheobronchial epithelial cells (HTBE),A/Wyoming/03/03 (H3N2),5,12,0.618144556,NA,NA,2.48e-08,4.97e-07,NA,NA,NA
7178,TPT1,NA,protein_coding,PRJNA349748,A/Wyoming/03/03 (H3N2) vs. mock infection,human tracheobronchial epithelial cells (HTBE),A/Wyoming/03/03 (H3N2),5,18,0.800472703,NA,NA,5.69e-13,1.59e-11,NA,NA,NA
7178,TPT1,NA,protein_coding,PRJNA349748,A/Wyoming/03/03 (H3N2) vs. mock infection,human tracheobronchial epithelial cells (HTBE),A/Wyoming/03/03 (H3N2),5,3,-0.311254714,NA,NA,0.004989753,0.176495199,NA,NA,NA
7178,TPT1,NA,protein_coding,PRJNA349748,A/Wyoming/03/03 (H3N2) vs. mock infection,human tracheobronchial epithelial cells (HTBE),A/Wyoming/03/03 (H3N2),5,6,-0.095998589,NA,NA,0.386560561,0.77207123,NA,NA,NA
7178,TPT1,NA,protein_coding,PRJNA349748,A/Vietnam/1203/04 (H5N1) HALo vs. mock infection,human tracheobronchial epithelial cells (HTBE),A/Vietnam/1203/04 (H5N1) HALo,5,12,1.652709886,NA,NA,4.03e-36,1.25e-34,NA,NA,NA
7178,TPT1,NA,protein_coding,PRJNA349748,A/Vietnam/1203/04 (H5N1) HALo vs. mock infection,human tracheobronchial epithelial cells (HTBE),A/Vietnam/1203/04 (H5N1) HALo,5,18,1.847668462,NA,NA,1.16e-44,3.75e-43,NA,NA,NA
7178,TPT1,NA,protein_coding,PRJNA349748,A/Vietnam/1203/04 (H5N1) HALo vs. mock infection,human tracheobronchial epithelial cells (HTBE),A/Vietnam/1203/04 (H5N1) HALo,5,3,-0.081328772,NA,NA,0.53742182,1,NA,NA,NA
7178,TPT1,NA,protein_coding,PRJNA349748,A/Vietnam/1203/04 (H5N1) HALo vs. mock infection,human tracheobronchial epithelial cells (HTBE),A/Vietnam/1203/04 (H5N1) HALo,5,6,0.94830817,NA,NA,6.12e-13,1.1e-11,NA,NA,NA
7178,TPT1,NA,protein_coding,PRJNA382632,A/California/04/09 (H1N1) vs. mock infection,human monocyte-derived macrophages (MDM),A/California/04/09 (H1N1),2,12,0.642098501,NA,NA,7.06e-10,4.76e-09,NA,NA,NA
7178,TPT1,NA,protein_coding,PRJNA382632,A/California/04/09 (H1N1) vs. mock infection,human monocyte-derived macrophages (MDM),A/California/04/09 (H1N1),2,18,0.20050997,NA,NA,0.055702458,0.10083088,NA,NA,NA
7178,TPT1,NA,protein_coding,PRJNA382632,A/California/04/09 (H1N1) vs. mock infection,human monocyte-derived macrophages (MDM),A/California/04/09 (H1N1),2,3,-0.164950553,NA,NA,0.113684692,0.744149035,NA,NA,NA
7178,TPT1,NA,protein_coding,PRJNA382632,A/California/04/09 (H1N1) vs. mock infection,human monocyte-derived macrophages (MDM),A/California/04/09 (H1N1),2,6,0.327388523,NA,NA,0.001716184,0.008118769,NA,NA,NA
7178,TPT1,NA,protein_coding,PRJNA382632,A/Wyoming/03/03 (H3N2) vs. mock infection,human monocyte-derived macrophages (MDM),A/Wyoming/03/03 (H3N2),2,12,2.0898657,NA,NA,8.34e-62,6.5e-60,NA,NA,NA
7178,TPT1,NA,protein_coding,PRJNA382632,A/Wyoming/03/03 (H3N2) vs. mock infection,human monocyte-derived macrophages (MDM),A/Wyoming/03/03 (H3N2),2,18,2.160906263,NA,NA,2.34e-66,1.43e-64,NA,NA,NA
7178,TPT1,NA,protein_coding,PRJNA382632,A/Wyoming/03/03 (H3N2) vs. mock infection,human monocyte-derived macrophages (MDM),A/Wyoming/03/03 (H3N2),2,3,0.003980205,NA,NA,0.974702165,1,NA,NA,NA
7178,TPT1,NA,protein_coding,PRJNA382632,A/Wyoming/03/03 (H3N2) vs. mock infection,human monocyte-derived macrophages (MDM),A/Wyoming/03/03 (H3N2),2,6,1.507224739,NA,NA,2.96e-33,7.03e-32,NA,NA,NA
7178,TPT1,NA,protein_coding,PRJNA382632,A/Vietnam/1203/04 (H5N1) HALo vs. mock infection,human monocyte-derived macrophages (MDM),A/Vietnam/1203/04 (H5N1) HALo,2,12,1.474226952,NA,NA,0.001227424,0.00260164,NA,NA,NA
7178,TPT1,NA,protein_coding,PRJNA382632,A/Vietnam/1203/04 (H5N1) HALo vs. mock infection,human monocyte-derived macrophages (MDM),A/Vietnam/1203/04 (H5N1) HALo,2,18,1.558626724,NA,NA,0.000631989,0.001305852,NA,NA,NA
7178,TPT1,NA,protein_coding,PRJNA382632,A/Vietnam/1203/04 (H5N1) HALo vs. mock infection,human monocyte-derived macrophages (MDM),A/Vietnam/1203/04 (H5N1) HALo,2,3,0.073815098,NA,NA,0.871423896,1,NA,NA,NA
7178,TPT1,NA,protein_coding,PRJNA382632,A/Vietnam/1203/04 (H5N1) HALo vs. mock infection,human monocyte-derived macrophages (MDM),A/Vietnam/1203/04 (H5N1) HALo,2,6,0.83994421,NA,NA,0.06551989,0.129405136,NA,NA,NA
7178,TPT1,NA,protein_coding,PRJNA557257,A/Panama/2007/1999 (H3N2) vs. mock infection,lung explants,A/Panama/2007/1999 (H3N2),1E5 PFU/mL,24,0.103672476696715,NA,NA,0.411613835261395,0.99776532938064,82789.5759216214,0.126267097394398,0.821056940692089
7178,TPT1,NA,protein_coding,PRJNA559077,A/swine/Zhejiang/04 (H3N2) vs. mock infection,A549,A/swine/Zhejiang/04 (H3N2),10,24,0.0449739254179601,NA,NA,0.719749322945923,0.80007875428985,15402.9433678449,0.125347541375079,0.358793837713848
7178,TPT1,NA,protein_coding,PRJNA559077,A/Hangzhou/1/2013 (H7N9) vs. mock infection,A549,A/Hangzhou/1/2013 (H7N9),10,24,-0.270526024982748,NA,NA,0.0307015746695702,0.0767868042440088,15402.9433678449,0.125190249562971,-2.16091928826032
7178,TPT1,NA,protein_coding,PRJNA667475,A/WSN/1933 (H1N1) vs. mock infection,A549,A/WSN/1933 (H1N1),0.02,24,-0.153585121578479,NA,NA,0.00179351549358409,0.0102877167474085,20942.4049685177,0.0491873494824999,-3.122451670894
7178,TPT1,NA,protein_coding,PRJNA795161,A/Oklahoma/447/2008 (H1N1) vs. mock infection,human bronchial epithelial cells (HBEC),A/Oklahoma/447/2008 (H1N1),N.A.,48,0.328784847940509,NA,NA,0.197565561303167,0.473145488998303,52517.6997653334,0.255165035307509,1.28851841924297
