entrezID,gene_symbol,probe_seq,biotype,bioproject,res_design,host_type,virus_strain,M.O.I,H.P.I,log2FoldChange,t,B,pvalue,padj,baseMean,lfcSE,stat
83693,HSDL1,AACTTCATGTGAAAATATGGTCAGGTAGTTATATGTAAGGTTACGTGGTCCAGTAATGTC,protein_coding,PRJNA139513,A/Vietnam/1203/2004(H5N1) vs. mock infection,Calu-3,A/Vietnam/1203/2004(H5N1),1,0,-0.158196657000001,-1.50814596734324,-4.62310511306661,0.183733883216449,0.731420375539037,NA,NA,NA
83693,HSDL1,AACTTCATGTGAAAATATGGTCAGGTAGTTATATGTAAGGTTACGTGGTCCAGTAATGTC,protein_coding,PRJNA139513,A/Vietnam/1203/2004(H5N1) vs. mock infection,Calu-3,A/Vietnam/1203/2004(H5N1),1,12,-0.195652623,-0.704747760064714,-7.30695700166877,0.507560495894603,0.598273818123596,NA,NA,NA
83693,HSDL1,AACTTCATGTGAAAATATGGTCAGGTAGTTATATGTAAGGTTACGTGGTCCAGTAATGTC,protein_coding,PRJNA139513,A/Vietnam/1203/2004(H5N1) vs. mock infection,Calu-3,A/Vietnam/1203/2004(H5N1),1,18,0.23526700833333,0.922994551646645,-6.75893282030015,0.390799341773243,0.510102401561171,NA,NA,NA
83693,HSDL1,AACTTCATGTGAAAATATGGTCAGGTAGTTATATGTAAGGTTACGTGGTCCAGTAATGTC,protein_coding,PRJNA139513,A/Vietnam/1203/2004(H5N1) vs. mock infection,Calu-3,A/Vietnam/1203/2004(H5N1),1,24,0.0431856866666651,0.114207321984282,-7.38282861074826,0.912718664766466,0.928737235315317,NA,NA,NA
83693,HSDL1,AACTTCATGTGAAAATATGGTCAGGTAGTTATATGTAAGGTTACGTGGTCCAGTAATGTC,protein_coding,PRJNA139513,A/Vietnam/1203/2004(H5N1) vs. mock infection,Calu-3,A/Vietnam/1203/2004(H5N1),1,3,0.203270668333333,1.20926947645257,-4.74286012553474,0.275128433033119,0.721100539919079,NA,NA,NA
83693,HSDL1,AACTTCATGTGAAAATATGGTCAGGTAGTTATATGTAAGGTTACGTGGTCCAGTAATGTC,protein_coding,PRJNA139513,A/Vietnam/1203/2004(H5N1) vs. mock infection,Calu-3,A/Vietnam/1203/2004(H5N1),1,7,0.260032064666666,1.06769475364748,-6.64286324970929,0.328034671414837,0.50464040163534,NA,NA,NA
83693,HSDL1,AACTTCATGTGAAAATATGGTCAGGTAGTTATATGTAAGGTTACGTGGTCCAGTAATGTC,protein_coding,PRJNA163315,A/California/04/09 (H1N1) vs. mock infection,Calu-3,A/California/04/09 (H1N1),3,0,0.00674475766666482,0.099293000676612,-6.0299857170535,0.924079164078689,0.97343172665657,NA,NA,NA
83693,HSDL1,AACTTCATGTGAAAATATGGTCAGGTAGTTATATGTAAGGTTACGTGGTCCAGTAATGTC,protein_coding,PRJNA163315,A/California/04/09 (H1N1) vs. mock infection,Calu-3,A/California/04/09 (H1N1),3,12,-0.677686056333335,-7.22754123915198,0.0282308659981192,0.000356539719101413,0.00298874584406864,NA,NA,NA
83693,HSDL1,AACTTCATGTGAAAATATGGTCAGGTAGTTATATGTAAGGTTACGTGGTCCAGTAATGTC,protein_coding,PRJNA163315,A/California/04/09 (H1N1) vs. mock infection,Calu-3,A/California/04/09 (H1N1),3,18,-0.811184939000002,-8.68504542487568,1.6432138140038,8.05694446555303e-05,0.000921455237261479,NA,NA,NA
83693,HSDL1,AACTTCATGTGAAAATATGGTCAGGTAGTTATATGTAAGGTTACGTGGTCCAGTAATGTC,protein_coding,PRJNA163315,A/California/04/09 (H1N1) vs. mock infection,Calu-3,A/California/04/09 (H1N1),3,24,-0.416642188333334,-5.14997783382554,-2.18886202977279,0.00236285216303097,0.00876202133583055,NA,NA,NA
83693,HSDL1,AACTTCATGTGAAAATATGGTCAGGTAGTTATATGTAAGGTTACGTGGTCCAGTAATGTC,protein_coding,PRJNA163315,A/California/04/09 (H1N1) vs. mock infection,Calu-3,A/California/04/09 (H1N1),3,30,-0.215007733666666,-4.19878593246747,-3.42591353355906,0.00606076909712968,0.0140627113432357,NA,NA,NA
83693,HSDL1,AACTTCATGTGAAAATATGGTCAGGTAGTTATATGTAAGGTTACGTGGTCCAGTAATGTC,protein_coding,PRJNA163315,A/California/04/09 (H1N1) vs. mock infection,Calu-3,A/California/04/09 (H1N1),3,36,-0.259151151,-2.47276978962917,-5.24077419408217,0.0494245951015395,0.104621466008864,NA,NA,NA
83693,HSDL1,AACTTCATGTGAAAATATGGTCAGGTAGTTATATGTAAGGTTACGTGGTCCAGTAATGTC,protein_coding,PRJNA163315,A/California/04/09 (H1N1) vs. mock infection,Calu-3,A/California/04/09 (H1N1),3,3,-0.111265880333334,-1.3302041241597,-4.60741167148278,0.229714455859289,0.999999999999963,NA,NA,NA
83693,HSDL1,AACTTCATGTGAAAATATGGTCAGGTAGTTATATGTAAGGTTACGTGGTCCAGTAATGTC,protein_coding,PRJNA163315,A/California/04/09 (H1N1) vs. mock infection,Calu-3,A/California/04/09 (H1N1),3,48,-0.0535702336666644,-0.364331838757766,-7.50329838915564,0.728312910057303,0.800233406644554,NA,NA,NA
83693,HSDL1,AACTTCATGTGAAAATATGGTCAGGTAGTTATATGTAAGGTTACGTGGTCCAGTAATGTC,protein_coding,PRJNA163315,A/California/04/09 (H1N1) vs. mock infection,Calu-3,A/California/04/09 (H1N1),3,7,-0.0967974059999994,-0.894193393849963,-7.22727541909846,0.405042105248682,0.557715547174984,NA,NA,NA
83693,HSDL1,AACTTCATGTGAAAATATGGTCAGGTAGTTATATGTAAGGTTACGTGGTCCAGTAATGTC,protein_coding,PRJNA175069,A/California/04/09 (H1N1) vs. mock infection,Calu-3,A/California/04/09 (H1N1),3,0,0.0162982316666653,0.261842401547117,-5.85634539823542,0.802564690708672,0.976183573820602,NA,NA,NA
83693,HSDL1,AACTTCATGTGAAAATATGGTCAGGTAGTTATATGTAAGGTTACGTGGTCCAGTAATGTC,protein_coding,PRJNA175069,A/California/04/09 (H1N1) vs. mock infection,Calu-3,A/California/04/09 (H1N1),3,12,-0.131109844000001,-2.04176874714907,-5.57969513834117,0.0870676426218133,0.145968614281155,NA,NA,NA
83693,HSDL1,AACTTCATGTGAAAATATGGTCAGGTAGTTATATGTAAGGTTACGTGGTCCAGTAATGTC,protein_coding,PRJNA175069,A/California/04/09 (H1N1) vs. mock infection,Calu-3,A/California/04/09 (H1N1),3,24,-0.433371427333335,-4.02024665657814,-3.36963955184862,0.00689142164493044,0.0238449276349419,NA,NA,NA
83693,HSDL1,AACTTCATGTGAAAATATGGTCAGGTAGTTATATGTAAGGTTACGTGGTCCAGTAATGTC,protein_coding,PRJNA175069,A/California/04/09 (H1N1) vs. mock infection,Calu-3,A/California/04/09 (H1N1),3,48,-0.357428864333336,-4.70188921091794,-2.25518886513036,0.0030919798629987,0.0150260286921605,NA,NA,NA
83693,HSDL1,AACTTCATGTGAAAATATGGTCAGGTAGTTATATGTAAGGTTACGTGGTCCAGTAATGTC,protein_coding,PRJNA175069,A/Netherlands/602/2009 (H1N1) vs. mock infection,Calu-3,A/Netherlands/602/2009 (H1N1),3,0,0.0799119153333319,1.17071908413413,-5.38692606925109,0.287058533349877,0.732345507441695,NA,NA,NA
83693,HSDL1,AACTTCATGTGAAAATATGGTCAGGTAGTTATATGTAAGGTTACGTGGTCCAGTAATGTC,protein_coding,PRJNA175069,A/Netherlands/602/2009 (H1N1) vs. mock infection,Calu-3,A/Netherlands/602/2009 (H1N1),3,12,-0.103661593,-1.78754831976647,-5.65067710494479,0.124083874696525,0.270538559275888,NA,NA,NA
83693,HSDL1,AACTTCATGTGAAAATATGGTCAGGTAGTTATATGTAAGGTTACGTGGTCCAGTAATGTC,protein_coding,PRJNA175069,A/Netherlands/602/2009 (H1N1) vs. mock infection,Calu-3,A/Netherlands/602/2009 (H1N1),3,18,-0.274881877666667,-3.4540977568389,-3.57611288398741,0.0127460645866806,0.103792942574829,NA,NA,NA
83693,HSDL1,AACTTCATGTGAAAATATGGTCAGGTAGTTATATGTAAGGTTACGTGGTCCAGTAATGTC,protein_coding,PRJNA175069,A/Netherlands/602/2009 (H1N1) vs. mock infection,Calu-3,A/Netherlands/602/2009 (H1N1),3,24,-0.316476222999999,-3.49384629438749,-3.79962878247508,0.0129464378298796,0.0553493388920181,NA,NA,NA
83693,HSDL1,AACTTCATGTGAAAATATGGTCAGGTAGTTATATGTAAGGTTACGTGGTCCAGTAATGTC,protein_coding,PRJNA175069,A/Netherlands/602/2009 (H1N1) vs. mock infection,Calu-3,A/Netherlands/602/2009 (H1N1),3,30,-0.265085990999999,-4.23719636819595,-3.10691212633524,0.00563876292907937,0.0148480952026586,NA,NA,NA
83693,HSDL1,AACTTCATGTGAAAATATGGTCAGGTAGTTATATGTAAGGTTACGTGGTCCAGTAATGTC,protein_coding,PRJNA175069,A/Netherlands/602/2009 (H1N1) vs. mock infection,Calu-3,A/Netherlands/602/2009 (H1N1),3,36,-0.490796830999999,-6.97241846095361,-0.417001117099096,0.000506998129407447,0.00304217820223561,NA,NA,NA
83693,HSDL1,AACTTCATGTGAAAATATGGTCAGGTAGTTATATGTAAGGTTACGTGGTCCAGTAATGTC,protein_coding,PRJNA175069,A/Netherlands/602/2009 (H1N1) vs. mock infection,Calu-3,A/Netherlands/602/2009 (H1N1),3,3,0.135608963333333,1.55256511273256,-4.71527201857121,0.170739252926789,0.915868896050199,NA,NA,NA
83693,HSDL1,AACTTCATGTGAAAATATGGTCAGGTAGTTATATGTAAGGTTACGTGGTCCAGTAATGTC,protein_coding,PRJNA175069,A/Netherlands/602/2009 (H1N1) vs. mock infection,Calu-3,A/Netherlands/602/2009 (H1N1),3,48,-0.343574477000001,-4.49667352929286,-2.48553220061415,0.00374493402279436,0.0160062915252368,NA,NA,NA
83693,HSDL1,AACTTCATGTGAAAATATGGTCAGGTAGTTATATGTAAGGTTACGTGGTCCAGTAATGTC,protein_coding,PRJNA175069,A/Netherlands/602/2009 (H1N1) vs. mock infection,Calu-3,A/Netherlands/602/2009 (H1N1),3,7,-0.019390215333333,-0.222228955998927,-5.93999457945473,0.831305898682291,0.911439973568923,NA,NA,NA
83693,HSDL1,AACTTCATGTGAAAATATGGTCAGGTAGTTATATGTAAGGTTACGTGGTCCAGTAATGTC,protein_coding,PRJNA215073,A/Anhui/01/2013 (H7N9) vs. mock infection,Calu-3,A/Anhui/01/2013 (H7N9),1,12,-0.301865534000001,-4.53228213543118,-1.85318113594254,0.00165519875559045,0.00717814789533225,NA,NA,NA
83693,HSDL1,AACTTCATGTGAAAATATGGTCAGGTAGTTATATGTAAGGTTACGTGGTCCAGTAATGTC,protein_coding,PRJNA215073,A/Anhui/01/2013 (H7N9) vs. mock infection,Calu-3,A/Anhui/01/2013 (H7N9),1,24,0.133371259,1.58906057635883,-6.7548695008678,0.149787943676071,0.181224843349612,NA,NA,NA
83693,HSDL1,AACTTCATGTGAAAATATGGTCAGGTAGTTATATGTAAGGTTACGTGGTCCAGTAATGTC,protein_coding,PRJNA215073,A/Anhui/01/2013 (H7N9) vs. mock infection,Calu-3,A/Anhui/01/2013 (H7N9),1,3,-0.0764634450000008,-0.658039596775802,-6.69140278815563,0.528097351722272,0.707487359122424,NA,NA,NA
83693,HSDL1,AACTTCATGTGAAAATATGGTCAGGTAGTTATATGTAAGGTTACGTGGTCCAGTAATGTC,protein_coding,PRJNA215073,A/Anhui/01/2013 (H7N9) vs. mock infection,Calu-3,A/Anhui/01/2013 (H7N9),1,7,0.0618612627500017,0.69204998169502,-6.51384019394875,0.508300454811827,0.733739986290946,NA,NA,NA
83693,HSDL1,AACTTCATGTGAAAATATGGTCAGGTAGTTATATGTAAGGTTACGTGGTCCAGTAATGTC,protein_coding,PRJNA215073,A/Netherland/219/2003 (H7N7) vs. mock infection,Calu-3,A/Netherland/219/2003 (H7N7),1,12,0.238863363249999,3.05918839311373,-3.96224579246583,0.0152181732060578,0.0475986774952651,NA,NA,NA
83693,HSDL1,AACTTCATGTGAAAATATGGTCAGGTAGTTATATGTAAGGTTACGTGGTCCAGTAATGTC,protein_coding,PRJNA215073,A/Netherland/219/2003 (H7N7) vs. mock infection,Calu-3,A/Netherland/219/2003 (H7N7),1,24,-4.0468696965,-5.95983234189122,-0.413682646735064,0.000403952766663559,0.000823862845478713,NA,NA,NA
83693,HSDL1,AACTTCATGTGAAAATATGGTCAGGTAGTTATATGTAAGGTTACGTGGTCCAGTAATGTC,protein_coding,PRJNA215073,A/Netherland/219/2003 (H7N7) vs. mock infection,Calu-3,A/Netherland/219/2003 (H7N7),1,3,-0.08205309,-0.9363184,-6.706198,0.3759109,0.5049906,NA,NA,NA
83693,HSDL1,AACTTCATGTGAAAATATGGTCAGGTAGTTATATGTAAGGTTACGTGGTCCAGTAATGTC,protein_coding,PRJNA215073,A/Netherland/219/2003 (H7N7) vs. mock infection,Calu-3,A/Netherland/219/2003 (H7N7),1,7,-0.0981310642499995,-1.01359986688405,-6.25974913144095,0.339812833041671,0.598159362230521,NA,NA,NA
83693,HSDL1,AACTTCATGTGAAAATATGGTCAGGTAGTTATATGTAAGGTTACGTGGTCCAGTAATGTC,protein_coding,PRJNA215073,A/Vietnam/1203/2004 (H5N1) vs. mock infection,Calu-3,A/Vietnam/1203/2004 (H5N1),1,12,-0.0957953047499993,-1.35186531774908,-6.44950646641168,0.212143447844636,0.393990268512573,NA,NA,NA
83693,HSDL1,AACTTCATGTGAAAATATGGTCAGGTAGTTATATGTAAGGTTACGTGGTCCAGTAATGTC,protein_coding,PRJNA215073,A/Vietnam/1203/2004 (H5N1) vs. mock infection,Calu-3,A/Vietnam/1203/2004 (H5N1),1,24,-3.089533046,-14.3695505867931,6.57158534787971,6.57829609775786e-07,4.98839970221561e-06,NA,NA,NA
83693,HSDL1,AACTTCATGTGAAAATATGGTCAGGTAGTTATATGTAAGGTTACGTGGTCCAGTAATGTC,protein_coding,PRJNA215073,A/Vietnam/1203/2004 (H5N1) vs. mock infection,Calu-3,A/Vietnam/1203/2004 (H5N1),1,3,-0.0781088067499986,-0.862064055334813,-6.75069394234489,0.417061513857276,0.599062003353472,NA,NA,NA
83693,HSDL1,AACTTCATGTGAAAATATGGTCAGGTAGTTATATGTAAGGTTACGTGGTCCAGTAATGTC,protein_coding,PRJNA215073,A/Vietnam/1203/2004 (H5N1) vs. mock infection,Calu-3,A/Vietnam/1203/2004 (H5N1),1,7,-0.0060232302499994,-0.0558413744408002,-5.52817569421809,0.956771211414802,0.988899528471652,NA,NA,NA
83693,HSDL1,AACTTCATGTGAAAATATGGTCAGGTAGTTATATGTAAGGTTACGTGGTCCAGTAATGTC,protein_coding,PRJNA215073,A/Panama/2007/1999 (H3N2) vs. mock infection,Calu-3,A/Panama/2007/1999 (H3N2),1,12,-0.314091496749999,-2.77239043089913,-5.00849986022833,0.0237666585124734,0.0433873971043948,NA,NA,NA
83693,HSDL1,AACTTCATGTGAAAATATGGTCAGGTAGTTATATGTAAGGTTACGTGGTCCAGTAATGTC,protein_coding,PRJNA215073,A/Panama/2007/1999 (H3N2) vs. mock infection,Calu-3,A/Panama/2007/1999 (H3N2),1,24,-1.30491665925,-9.90275852434101,3.71343004505589,8.86422836079298e-06,7.45053390173205e-05,NA,NA,NA
83693,HSDL1,AACTTCATGTGAAAATATGGTCAGGTAGTTATATGTAAGGTTACGTGGTCCAGTAATGTC,protein_coding,PRJNA215073,A/Panama/2007/1999 (H3N2) vs. mock infection,Calu-3,A/Panama/2007/1999 (H3N2),1,3,-0.0959430400833314,-0.746902193710345,-6.67387540572791,0.478908322983016,0.644504549190163,NA,NA,NA
83693,HSDL1,AACTTCATGTGAAAATATGGTCAGGTAGTTATATGTAAGGTTACGTGGTCCAGTAATGTC,protein_coding,PRJNA215073,A/Panama/2007/1999 (H3N2) vs. mock infection,Calu-3,A/Panama/2007/1999 (H3N2),1,7,-0.154866372249999,-1.6296243899783,-5.57354085483774,0.140706720395017,0.323119737788653,NA,NA,NA
83693,HSDL1,NA,protein_coding,PRJNA349748,A/California/04/09 (H1N1) vs. mock infection,human tracheobronchial epithelial cells (HTBE),A/California/04/09 (H1N1),5,12,-0.453765374,NA,NA,0.00914111,0.06367867,NA,NA,NA
83693,HSDL1,NA,protein_coding,PRJNA349748,A/California/04/09 (H1N1) vs. mock infection,human tracheobronchial epithelial cells (HTBE),A/California/04/09 (H1N1),5,18,0.070387201,NA,NA,0.68737159,0.78006452,NA,NA,NA
83693,HSDL1,NA,protein_coding,PRJNA349748,A/California/04/09 (H1N1) vs. mock infection,human tracheobronchial epithelial cells (HTBE),A/California/04/09 (H1N1),5,24,-0.136288377,NA,NA,0.440534917,0.636854884,NA,NA,NA
83693,HSDL1,NA,protein_coding,PRJNA349748,A/California/04/09 (H1N1) vs. mock infection,human tracheobronchial epithelial cells (HTBE),A/California/04/09 (H1N1),5,3,-0.31357496,NA,NA,0.088502336,0.323893898,NA,NA,NA
83693,HSDL1,NA,protein_coding,PRJNA349748,A/California/04/09 (H1N1) vs. mock infection,human tracheobronchial epithelial cells (HTBE),A/California/04/09 (H1N1),5,6,-0.024295605,NA,NA,0.89070364,1,NA,NA,NA
83693,HSDL1,NA,protein_coding,PRJNA349748,A/Wyoming/03/03 (H3N2) vs. mock infection,human tracheobronchial epithelial cells (HTBE),A/Wyoming/03/03 (H3N2),5,12,-0.716292256,NA,NA,0.000359426,0.002258181,NA,NA,NA
83693,HSDL1,NA,protein_coding,PRJNA349748,A/Wyoming/03/03 (H3N2) vs. mock infection,human tracheobronchial epithelial cells (HTBE),A/Wyoming/03/03 (H3N2),5,18,-0.369726774,NA,NA,0.072354147,0.147643378,NA,NA,NA
83693,HSDL1,NA,protein_coding,PRJNA349748,A/Wyoming/03/03 (H3N2) vs. mock infection,human tracheobronchial epithelial cells (HTBE),A/Wyoming/03/03 (H3N2),5,3,-0.383671187,NA,NA,0.03578426,0.547713089,NA,NA,NA
83693,HSDL1,NA,protein_coding,PRJNA349748,A/Wyoming/03/03 (H3N2) vs. mock infection,human tracheobronchial epithelial cells (HTBE),A/Wyoming/03/03 (H3N2),5,6,-0.49586191,NA,NA,0.007567354,0.092895588,NA,NA,NA
83693,HSDL1,NA,protein_coding,PRJNA349748,A/Vietnam/1203/04 (H5N1) HALo vs. mock infection,human tracheobronchial epithelial cells (HTBE),A/Vietnam/1203/04 (H5N1) HALo,5,12,-0.696432545,NA,NA,8.33e-05,0.000196949,NA,NA,NA
83693,HSDL1,NA,protein_coding,PRJNA349748,A/Vietnam/1203/04 (H5N1) HALo vs. mock infection,human tracheobronchial epithelial cells (HTBE),A/Vietnam/1203/04 (H5N1) HALo,5,18,-0.609237623,NA,NA,0.003458282,0.006058955,NA,NA,NA
83693,HSDL1,NA,protein_coding,PRJNA349748,A/Vietnam/1203/04 (H5N1) HALo vs. mock infection,human tracheobronchial epithelial cells (HTBE),A/Vietnam/1203/04 (H5N1) HALo,5,3,0.102869031,NA,NA,0.546349465,1,NA,NA,NA
83693,HSDL1,NA,protein_coding,PRJNA349748,A/Vietnam/1203/04 (H5N1) HALo vs. mock infection,human tracheobronchial epithelial cells (HTBE),A/Vietnam/1203/04 (H5N1) HALo,5,6,-0.267519007,NA,NA,0.114319708,0.189036152,NA,NA,NA
83693,HSDL1,NA,protein_coding,PRJNA382632,A/California/04/09 (H1N1) vs. mock infection,human monocyte-derived macrophages (MDM),A/California/04/09 (H1N1),2,12,-0.333896112,NA,NA,0.039022222,0.077907756,NA,NA,NA
83693,HSDL1,NA,protein_coding,PRJNA382632,A/California/04/09 (H1N1) vs. mock infection,human monocyte-derived macrophages (MDM),A/California/04/09 (H1N1),2,18,-0.589746088,NA,NA,0.000636312,0.001833059,NA,NA,NA
83693,HSDL1,NA,protein_coding,PRJNA382632,A/California/04/09 (H1N1) vs. mock infection,human monocyte-derived macrophages (MDM),A/California/04/09 (H1N1),2,3,-0.117081416,NA,NA,0.458568973,1,NA,NA,NA
83693,HSDL1,NA,protein_coding,PRJNA382632,A/California/04/09 (H1N1) vs. mock infection,human monocyte-derived macrophages (MDM),A/California/04/09 (H1N1),2,6,-0.190514743,NA,NA,0.243024491,0.44730342,NA,NA,NA
83693,HSDL1,NA,protein_coding,PRJNA382632,A/Wyoming/03/03 (H3N2) vs. mock infection,human monocyte-derived macrophages (MDM),A/Wyoming/03/03 (H3N2),2,12,-0.662758074,NA,NA,0.012084466,0.022744196,NA,NA,NA
83693,HSDL1,NA,protein_coding,PRJNA382632,A/Wyoming/03/03 (H3N2) vs. mock infection,human monocyte-derived macrophages (MDM),A/Wyoming/03/03 (H3N2),2,18,-0.989714038,NA,NA,1.82e-07,5.93e-07,NA,NA,NA
83693,HSDL1,NA,protein_coding,PRJNA382632,A/Wyoming/03/03 (H3N2) vs. mock infection,human monocyte-derived macrophages (MDM),A/Wyoming/03/03 (H3N2),2,3,0.093834035,NA,NA,0.528894667,0.918251499,NA,NA,NA
83693,HSDL1,NA,protein_coding,PRJNA382632,A/Wyoming/03/03 (H3N2) vs. mock infection,human monocyte-derived macrophages (MDM),A/Wyoming/03/03 (H3N2),2,6,-0.2694936,NA,NA,0.104808932,0.153025204,NA,NA,NA
83693,HSDL1,NA,protein_coding,PRJNA382632,A/Vietnam/1203/04 (H5N1) HALo vs. mock infection,human monocyte-derived macrophages (MDM),A/Vietnam/1203/04 (H5N1) HALo,2,12,-0.068313022,NA,NA,0.62329046,0.694860607,NA,NA,NA
83693,HSDL1,NA,protein_coding,PRJNA382632,A/Vietnam/1203/04 (H5N1) HALo vs. mock infection,human monocyte-derived macrophages (MDM),A/Vietnam/1203/04 (H5N1) HALo,2,18,-0.428573922,NA,NA,0.00352679,0.006506101,NA,NA,NA
83693,HSDL1,NA,protein_coding,PRJNA382632,A/Vietnam/1203/04 (H5N1) HALo vs. mock infection,human monocyte-derived macrophages (MDM),A/Vietnam/1203/04 (H5N1) HALo,2,3,-0.095981432,NA,NA,0.456592487,1,NA,NA,NA
83693,HSDL1,NA,protein_coding,PRJNA382632,A/Vietnam/1203/04 (H5N1) HALo vs. mock infection,human monocyte-derived macrophages (MDM),A/Vietnam/1203/04 (H5N1) HALo,2,6,0.060643291,NA,NA,0.643934849,0.7602036,NA,NA,NA
83693,HSDL1,NA,protein_coding,PRJNA557257,A/Panama/2007/1999 (H3N2) vs. mock infection,lung explants,A/Panama/2007/1999 (H3N2),1E5 PFU/mL,24,-0.224728037072097,NA,NA,0.00544501856233007,0.0892796071222923,593.542295192897,0.0808532721290327,-2.77945506909673
83693,HSDL1,NA,protein_coding,PRJNA559077,A/swine/Zhejiang/04 (H3N2) vs. mock infection,A549,A/swine/Zhejiang/04 (H3N2),10,24,-0.563573011462823,NA,NA,0.00390055435783997,0.00799672168535749,438.649620482257,0.195271872398743,-2.88609416471417
83693,HSDL1,NA,protein_coding,PRJNA559077,A/Hangzhou/1/2013 (H7N9) vs. mock infection,A549,A/Hangzhou/1/2013 (H7N9),10,24,-1.01023275782507,NA,NA,1.36864918644205e-07,1.45254111129821e-06,438.649620482257,0.191716579787917,-5.26940736655444
83693,HSDL1,NA,protein_coding,PRJNA667475,A/WSN/1933 (H1N1) vs. mock infection,A549,A/WSN/1933 (H1N1),0.02,24,-0.492644765863491,NA,NA,1.28990023228865e-06,1.32576333340293e-05,544.554660958906,0.101758697847821,-4.84130375371192
83693,HSDL1,NA,protein_coding,PRJNA795161,A/Oklahoma/447/2008 (H1N1) vs. mock infection,human bronchial epithelial cells (HBEC),A/Oklahoma/447/2008 (H1N1),N.A.,48,-0.813583602614117,NA,NA,9.83735711013322e-05,0.00118294856934558,593.134766183456,0.208902100796387,-3.89456879328898
