entrezID,gene_symbol,probe_seq,biotype,bioproject,res_design,host_type,virus_strain,M.O.I,H.P.I,log2FoldChange,t,B,pvalue,padj,baseMean,lfcSE,stat
222826,C6orf146,TGGTTCACTTGGTAGACTATTCTATTCAAAAGGCTACTCTTTTTTCAGTGATTGTTTTCC,protein_coding,PRJNA139513,A/Vietnam/1203/2004(H5N1) vs. mock infection,Calu-3,A/Vietnam/1203/2004(H5N1),1,0,0.0138268766666672,0.132967681561453,-5.5508943658543,0.898695498575726,0.978132525678869,NA,NA,NA
222826,C6orf146,TGGTTCACTTGGTAGACTATTCTATTCAAAAGGCTACTCTTTTTTCAGTGATTGTTTTCC,protein_coding,PRJNA139513,A/Vietnam/1203/2004(H5N1) vs. mock infection,Calu-3,A/Vietnam/1203/2004(H5N1),1,12,0.196755080333333,1.31224973655731,-6.70406076985593,0.237710919277257,0.33493772487605,NA,NA,NA
222826,C6orf146,TGGTTCACTTGGTAGACTATTCTATTCAAAAGGCTACTCTTTTTTCAGTGATTGTTTTCC,protein_coding,PRJNA139513,A/Vietnam/1203/2004(H5N1) vs. mock infection,Calu-3,A/Vietnam/1203/2004(H5N1),1,18,0.462965379,1.99258959770713,-5.45157771279342,0.0922375332700344,0.167194200603165,NA,NA,NA
222826,C6orf146,TGGTTCACTTGGTAGACTATTCTATTCAAAAGGCTACTCTTTTTTCAGTGATTGTTTTCC,protein_coding,PRJNA139513,A/Vietnam/1203/2004(H5N1) vs. mock infection,Calu-3,A/Vietnam/1203/2004(H5N1),1,24,1.06353690833333,3.95661684441839,-2.90226163641983,0.00714914638318953,0.015844858577633,NA,NA,NA
222826,C6orf146,TGGTTCACTTGGTAGACTATTCTATTCAAAAGGCTACTCTTTTTTCAGTGATTGTTTTCC,protein_coding,PRJNA139513,A/Vietnam/1203/2004(H5N1) vs. mock infection,Calu-3,A/Vietnam/1203/2004(H5N1),1,3,0.235802101666666,0.663525159138742,-5.11948968866603,0.533340413019847,0.850038137423895,NA,NA,NA
222826,C6orf146,TGGTTCACTTGGTAGACTATTCTATTCAAAAGGCTACTCTTTTTTCAGTGATTGTTTTCC,protein_coding,PRJNA139513,A/Vietnam/1203/2004(H5N1) vs. mock infection,Calu-3,A/Vietnam/1203/2004(H5N1),1,7,0.461416718999999,1.84727007852009,-5.6862742916837,0.115867602372774,0.249756980492514,NA,NA,NA
222826,C6orf146,TGGTTCACTTGGTAGACTATTCTATTCAAAAGGCTACTCTTTTTTCAGTGATTGTTTTCC,protein_coding,PRJNA163315,A/California/04/09 (H1N1) vs. mock infection,Calu-3,A/California/04/09 (H1N1),3,0,NA,NA,NA,NA,NA,NA,NA,NA
222826,C6orf146,TGGTTCACTTGGTAGACTATTCTATTCAAAAGGCTACTCTTTTTTCAGTGATTGTTTTCC,protein_coding,PRJNA163315,A/California/04/09 (H1N1) vs. mock infection,Calu-3,A/California/04/09 (H1N1),3,12,NA,NA,NA,NA,NA,NA,NA,NA
222826,C6orf146,TGGTTCACTTGGTAGACTATTCTATTCAAAAGGCTACTCTTTTTTCAGTGATTGTTTTCC,protein_coding,PRJNA163315,A/California/04/09 (H1N1) vs. mock infection,Calu-3,A/California/04/09 (H1N1),3,18,NA,NA,NA,NA,NA,NA,NA,NA
222826,C6orf146,TGGTTCACTTGGTAGACTATTCTATTCAAAAGGCTACTCTTTTTTCAGTGATTGTTTTCC,protein_coding,PRJNA163315,A/California/04/09 (H1N1) vs. mock infection,Calu-3,A/California/04/09 (H1N1),3,24,NA,NA,NA,NA,NA,NA,NA,NA
222826,C6orf146,TGGTTCACTTGGTAGACTATTCTATTCAAAAGGCTACTCTTTTTTCAGTGATTGTTTTCC,protein_coding,PRJNA163315,A/California/04/09 (H1N1) vs. mock infection,Calu-3,A/California/04/09 (H1N1),3,30,NA,NA,NA,NA,NA,NA,NA,NA
222826,C6orf146,TGGTTCACTTGGTAGACTATTCTATTCAAAAGGCTACTCTTTTTTCAGTGATTGTTTTCC,protein_coding,PRJNA163315,A/California/04/09 (H1N1) vs. mock infection,Calu-3,A/California/04/09 (H1N1),3,36,NA,NA,NA,NA,NA,NA,NA,NA
222826,C6orf146,TGGTTCACTTGGTAGACTATTCTATTCAAAAGGCTACTCTTTTTTCAGTGATTGTTTTCC,protein_coding,PRJNA163315,A/California/04/09 (H1N1) vs. mock infection,Calu-3,A/California/04/09 (H1N1),3,3,NA,NA,NA,NA,NA,NA,NA,NA
222826,C6orf146,TGGTTCACTTGGTAGACTATTCTATTCAAAAGGCTACTCTTTTTTCAGTGATTGTTTTCC,protein_coding,PRJNA163315,A/California/04/09 (H1N1) vs. mock infection,Calu-3,A/California/04/09 (H1N1),3,48,NA,NA,NA,NA,NA,NA,NA,NA
222826,C6orf146,TGGTTCACTTGGTAGACTATTCTATTCAAAAGGCTACTCTTTTTTCAGTGATTGTTTTCC,protein_coding,PRJNA163315,A/California/04/09 (H1N1) vs. mock infection,Calu-3,A/California/04/09 (H1N1),3,7,NA,NA,NA,NA,NA,NA,NA,NA
222826,C6orf146,TGGTTCACTTGGTAGACTATTCTATTCAAAAGGCTACTCTTTTTTCAGTGATTGTTTTCC,protein_coding,PRJNA175069,A/California/04/09 (H1N1) vs. mock infection,Calu-3,A/California/04/09 (H1N1),3,0,NA,NA,NA,NA,NA,NA,NA,NA
222826,C6orf146,TGGTTCACTTGGTAGACTATTCTATTCAAAAGGCTACTCTTTTTTCAGTGATTGTTTTCC,protein_coding,PRJNA175069,A/California/04/09 (H1N1) vs. mock infection,Calu-3,A/California/04/09 (H1N1),3,12,NA,NA,NA,NA,NA,NA,NA,NA
222826,C6orf146,TGGTTCACTTGGTAGACTATTCTATTCAAAAGGCTACTCTTTTTTCAGTGATTGTTTTCC,protein_coding,PRJNA175069,A/California/04/09 (H1N1) vs. mock infection,Calu-3,A/California/04/09 (H1N1),3,24,NA,NA,NA,NA,NA,NA,NA,NA
222826,C6orf146,TGGTTCACTTGGTAGACTATTCTATTCAAAAGGCTACTCTTTTTTCAGTGATTGTTTTCC,protein_coding,PRJNA175069,A/California/04/09 (H1N1) vs. mock infection,Calu-3,A/California/04/09 (H1N1),3,48,NA,NA,NA,NA,NA,NA,NA,NA
222826,C6orf146,TGGTTCACTTGGTAGACTATTCTATTCAAAAGGCTACTCTTTTTTCAGTGATTGTTTTCC,protein_coding,PRJNA175069,A/Netherlands/602/2009 (H1N1) vs. mock infection,Calu-3,A/Netherlands/602/2009 (H1N1),3,0,NA,NA,NA,NA,NA,NA,NA,NA
222826,C6orf146,TGGTTCACTTGGTAGACTATTCTATTCAAAAGGCTACTCTTTTTTCAGTGATTGTTTTCC,protein_coding,PRJNA175069,A/Netherlands/602/2009 (H1N1) vs. mock infection,Calu-3,A/Netherlands/602/2009 (H1N1),3,12,NA,NA,NA,NA,NA,NA,NA,NA
222826,C6orf146,TGGTTCACTTGGTAGACTATTCTATTCAAAAGGCTACTCTTTTTTCAGTGATTGTTTTCC,protein_coding,PRJNA175069,A/Netherlands/602/2009 (H1N1) vs. mock infection,Calu-3,A/Netherlands/602/2009 (H1N1),3,18,NA,NA,NA,NA,NA,NA,NA,NA
222826,C6orf146,TGGTTCACTTGGTAGACTATTCTATTCAAAAGGCTACTCTTTTTTCAGTGATTGTTTTCC,protein_coding,PRJNA175069,A/Netherlands/602/2009 (H1N1) vs. mock infection,Calu-3,A/Netherlands/602/2009 (H1N1),3,24,NA,NA,NA,NA,NA,NA,NA,NA
222826,C6orf146,TGGTTCACTTGGTAGACTATTCTATTCAAAAGGCTACTCTTTTTTCAGTGATTGTTTTCC,protein_coding,PRJNA175069,A/Netherlands/602/2009 (H1N1) vs. mock infection,Calu-3,A/Netherlands/602/2009 (H1N1),3,30,NA,NA,NA,NA,NA,NA,NA,NA
222826,C6orf146,TGGTTCACTTGGTAGACTATTCTATTCAAAAGGCTACTCTTTTTTCAGTGATTGTTTTCC,protein_coding,PRJNA175069,A/Netherlands/602/2009 (H1N1) vs. mock infection,Calu-3,A/Netherlands/602/2009 (H1N1),3,36,NA,NA,NA,NA,NA,NA,NA,NA
222826,C6orf146,TGGTTCACTTGGTAGACTATTCTATTCAAAAGGCTACTCTTTTTTCAGTGATTGTTTTCC,protein_coding,PRJNA175069,A/Netherlands/602/2009 (H1N1) vs. mock infection,Calu-3,A/Netherlands/602/2009 (H1N1),3,3,NA,NA,NA,NA,NA,NA,NA,NA
222826,C6orf146,TGGTTCACTTGGTAGACTATTCTATTCAAAAGGCTACTCTTTTTTCAGTGATTGTTTTCC,protein_coding,PRJNA175069,A/Netherlands/602/2009 (H1N1) vs. mock infection,Calu-3,A/Netherlands/602/2009 (H1N1),3,48,NA,NA,NA,NA,NA,NA,NA,NA
222826,C6orf146,TGGTTCACTTGGTAGACTATTCTATTCAAAAGGCTACTCTTTTTTCAGTGATTGTTTTCC,protein_coding,PRJNA175069,A/Netherlands/602/2009 (H1N1) vs. mock infection,Calu-3,A/Netherlands/602/2009 (H1N1),3,7,NA,NA,NA,NA,NA,NA,NA,NA
222826,C6orf146,TGGTTCACTTGGTAGACTATTCTATTCAAAAGGCTACTCTTTTTTCAGTGATTGTTTTCC,protein_coding,PRJNA215073,A/Anhui/01/2013 (H7N9) vs. mock infection,Calu-3,A/Anhui/01/2013 (H7N9),1,12,NA,NA,NA,NA,NA,NA,NA,NA
222826,C6orf146,TTCTAAAGAAAGTGTTCTGTTCACAACAAATGAGGTGGGAGGGGTCTGACGACCAGAAAG,protein_coding,PRJNA215073,A/Anhui/01/2013 (H7N9) vs. mock infection,Calu-3,A/Anhui/01/2013 (H7N9),1,12,NA,NA,NA,NA,NA,NA,NA,NA
222826,C6orf146,TGGTTCACTTGGTAGACTATTCTATTCAAAAGGCTACTCTTTTTTCAGTGATTGTTTTCC,protein_coding,PRJNA215073,A/Anhui/01/2013 (H7N9) vs. mock infection,Calu-3,A/Anhui/01/2013 (H7N9),1,24,NA,NA,NA,NA,NA,NA,NA,NA
222826,C6orf146,TTCTAAAGAAAGTGTTCTGTTCACAACAAATGAGGTGGGAGGGGTCTGACGACCAGAAAG,protein_coding,PRJNA215073,A/Anhui/01/2013 (H7N9) vs. mock infection,Calu-3,A/Anhui/01/2013 (H7N9),1,24,NA,NA,NA,NA,NA,NA,NA,NA
222826,C6orf146,TGGTTCACTTGGTAGACTATTCTATTCAAAAGGCTACTCTTTTTTCAGTGATTGTTTTCC,protein_coding,PRJNA215073,A/Anhui/01/2013 (H7N9) vs. mock infection,Calu-3,A/Anhui/01/2013 (H7N9),1,3,NA,NA,NA,NA,NA,NA,NA,NA
222826,C6orf146,TTCTAAAGAAAGTGTTCTGTTCACAACAAATGAGGTGGGAGGGGTCTGACGACCAGAAAG,protein_coding,PRJNA215073,A/Anhui/01/2013 (H7N9) vs. mock infection,Calu-3,A/Anhui/01/2013 (H7N9),1,3,NA,NA,NA,NA,NA,NA,NA,NA
222826,C6orf146,TGGTTCACTTGGTAGACTATTCTATTCAAAAGGCTACTCTTTTTTCAGTGATTGTTTTCC,protein_coding,PRJNA215073,A/Anhui/01/2013 (H7N9) vs. mock infection,Calu-3,A/Anhui/01/2013 (H7N9),1,7,NA,NA,NA,NA,NA,NA,NA,NA
222826,C6orf146,TTCTAAAGAAAGTGTTCTGTTCACAACAAATGAGGTGGGAGGGGTCTGACGACCAGAAAG,protein_coding,PRJNA215073,A/Anhui/01/2013 (H7N9) vs. mock infection,Calu-3,A/Anhui/01/2013 (H7N9),1,7,NA,NA,NA,NA,NA,NA,NA,NA
222826,C6orf146,TGGTTCACTTGGTAGACTATTCTATTCAAAAGGCTACTCTTTTTTCAGTGATTGTTTTCC,protein_coding,PRJNA215073,A/Netherland/219/2003 (H7N7) vs. mock infection,Calu-3,A/Netherland/219/2003 (H7N7),1,12,NA,NA,NA,NA,NA,NA,NA,NA
222826,C6orf146,TTCTAAAGAAAGTGTTCTGTTCACAACAAATGAGGTGGGAGGGGTCTGACGACCAGAAAG,protein_coding,PRJNA215073,A/Netherland/219/2003 (H7N7) vs. mock infection,Calu-3,A/Netherland/219/2003 (H7N7),1,12,NA,NA,NA,NA,NA,NA,NA,NA
222826,C6orf146,TGGTTCACTTGGTAGACTATTCTATTCAAAAGGCTACTCTTTTTTCAGTGATTGTTTTCC,protein_coding,PRJNA215073,A/Netherland/219/2003 (H7N7) vs. mock infection,Calu-3,A/Netherland/219/2003 (H7N7),1,24,NA,NA,NA,NA,NA,NA,NA,NA
222826,C6orf146,TTCTAAAGAAAGTGTTCTGTTCACAACAAATGAGGTGGGAGGGGTCTGACGACCAGAAAG,protein_coding,PRJNA215073,A/Netherland/219/2003 (H7N7) vs. mock infection,Calu-3,A/Netherland/219/2003 (H7N7),1,24,NA,NA,NA,NA,NA,NA,NA,NA
222826,C6orf146,TGGTTCACTTGGTAGACTATTCTATTCAAAAGGCTACTCTTTTTTCAGTGATTGTTTTCC,protein_coding,PRJNA215073,A/Netherland/219/2003 (H7N7) vs. mock infection,Calu-3,A/Netherland/219/2003 (H7N7),1,3,NA,NA,NA,NA,NA,NA,NA,NA
222826,C6orf146,TTCTAAAGAAAGTGTTCTGTTCACAACAAATGAGGTGGGAGGGGTCTGACGACCAGAAAG,protein_coding,PRJNA215073,A/Netherland/219/2003 (H7N7) vs. mock infection,Calu-3,A/Netherland/219/2003 (H7N7),1,3,NA,NA,NA,NA,NA,NA,NA,NA
222826,C6orf146,TGGTTCACTTGGTAGACTATTCTATTCAAAAGGCTACTCTTTTTTCAGTGATTGTTTTCC,protein_coding,PRJNA215073,A/Netherland/219/2003 (H7N7) vs. mock infection,Calu-3,A/Netherland/219/2003 (H7N7),1,7,NA,NA,NA,NA,NA,NA,NA,NA
222826,C6orf146,TTCTAAAGAAAGTGTTCTGTTCACAACAAATGAGGTGGGAGGGGTCTGACGACCAGAAAG,protein_coding,PRJNA215073,A/Netherland/219/2003 (H7N7) vs. mock infection,Calu-3,A/Netherland/219/2003 (H7N7),1,7,NA,NA,NA,NA,NA,NA,NA,NA
222826,C6orf146,TGGTTCACTTGGTAGACTATTCTATTCAAAAGGCTACTCTTTTTTCAGTGATTGTTTTCC,protein_coding,PRJNA215073,A/Vietnam/1203/2004 (H5N1) vs. mock infection,Calu-3,A/Vietnam/1203/2004 (H5N1),1,12,NA,NA,NA,NA,NA,NA,NA,NA
222826,C6orf146,TTCTAAAGAAAGTGTTCTGTTCACAACAAATGAGGTGGGAGGGGTCTGACGACCAGAAAG,protein_coding,PRJNA215073,A/Vietnam/1203/2004 (H5N1) vs. mock infection,Calu-3,A/Vietnam/1203/2004 (H5N1),1,12,NA,NA,NA,NA,NA,NA,NA,NA
222826,C6orf146,TGGTTCACTTGGTAGACTATTCTATTCAAAAGGCTACTCTTTTTTCAGTGATTGTTTTCC,protein_coding,PRJNA215073,A/Vietnam/1203/2004 (H5N1) vs. mock infection,Calu-3,A/Vietnam/1203/2004 (H5N1),1,24,NA,NA,NA,NA,NA,NA,NA,NA
222826,C6orf146,TTCTAAAGAAAGTGTTCTGTTCACAACAAATGAGGTGGGAGGGGTCTGACGACCAGAAAG,protein_coding,PRJNA215073,A/Vietnam/1203/2004 (H5N1) vs. mock infection,Calu-3,A/Vietnam/1203/2004 (H5N1),1,24,NA,NA,NA,NA,NA,NA,NA,NA
222826,C6orf146,TGGTTCACTTGGTAGACTATTCTATTCAAAAGGCTACTCTTTTTTCAGTGATTGTTTTCC,protein_coding,PRJNA215073,A/Vietnam/1203/2004 (H5N1) vs. mock infection,Calu-3,A/Vietnam/1203/2004 (H5N1),1,3,NA,NA,NA,NA,NA,NA,NA,NA
222826,C6orf146,TTCTAAAGAAAGTGTTCTGTTCACAACAAATGAGGTGGGAGGGGTCTGACGACCAGAAAG,protein_coding,PRJNA215073,A/Vietnam/1203/2004 (H5N1) vs. mock infection,Calu-3,A/Vietnam/1203/2004 (H5N1),1,3,NA,NA,NA,NA,NA,NA,NA,NA
222826,C6orf146,TGGTTCACTTGGTAGACTATTCTATTCAAAAGGCTACTCTTTTTTCAGTGATTGTTTTCC,protein_coding,PRJNA215073,A/Vietnam/1203/2004 (H5N1) vs. mock infection,Calu-3,A/Vietnam/1203/2004 (H5N1),1,7,NA,NA,NA,NA,NA,NA,NA,NA
222826,C6orf146,TTCTAAAGAAAGTGTTCTGTTCACAACAAATGAGGTGGGAGGGGTCTGACGACCAGAAAG,protein_coding,PRJNA215073,A/Vietnam/1203/2004 (H5N1) vs. mock infection,Calu-3,A/Vietnam/1203/2004 (H5N1),1,7,NA,NA,NA,NA,NA,NA,NA,NA
222826,C6orf146,TGGTTCACTTGGTAGACTATTCTATTCAAAAGGCTACTCTTTTTTCAGTGATTGTTTTCC,protein_coding,PRJNA215073,A/Panama/2007/1999 (H3N2) vs. mock infection,Calu-3,A/Panama/2007/1999 (H3N2),1,12,NA,NA,NA,NA,NA,NA,NA,NA
222826,C6orf146,TTCTAAAGAAAGTGTTCTGTTCACAACAAATGAGGTGGGAGGGGTCTGACGACCAGAAAG,protein_coding,PRJNA215073,A/Panama/2007/1999 (H3N2) vs. mock infection,Calu-3,A/Panama/2007/1999 (H3N2),1,12,NA,NA,NA,NA,NA,NA,NA,NA
222826,C6orf146,TGGTTCACTTGGTAGACTATTCTATTCAAAAGGCTACTCTTTTTTCAGTGATTGTTTTCC,protein_coding,PRJNA215073,A/Panama/2007/1999 (H3N2) vs. mock infection,Calu-3,A/Panama/2007/1999 (H3N2),1,24,NA,NA,NA,NA,NA,NA,NA,NA
222826,C6orf146,TTCTAAAGAAAGTGTTCTGTTCACAACAAATGAGGTGGGAGGGGTCTGACGACCAGAAAG,protein_coding,PRJNA215073,A/Panama/2007/1999 (H3N2) vs. mock infection,Calu-3,A/Panama/2007/1999 (H3N2),1,24,NA,NA,NA,NA,NA,NA,NA,NA
222826,C6orf146,TGGTTCACTTGGTAGACTATTCTATTCAAAAGGCTACTCTTTTTTCAGTGATTGTTTTCC,protein_coding,PRJNA215073,A/Panama/2007/1999 (H3N2) vs. mock infection,Calu-3,A/Panama/2007/1999 (H3N2),1,3,NA,NA,NA,NA,NA,NA,NA,NA
222826,C6orf146,TTCTAAAGAAAGTGTTCTGTTCACAACAAATGAGGTGGGAGGGGTCTGACGACCAGAAAG,protein_coding,PRJNA215073,A/Panama/2007/1999 (H3N2) vs. mock infection,Calu-3,A/Panama/2007/1999 (H3N2),1,3,NA,NA,NA,NA,NA,NA,NA,NA
222826,C6orf146,TGGTTCACTTGGTAGACTATTCTATTCAAAAGGCTACTCTTTTTTCAGTGATTGTTTTCC,protein_coding,PRJNA215073,A/Panama/2007/1999 (H3N2) vs. mock infection,Calu-3,A/Panama/2007/1999 (H3N2),1,7,NA,NA,NA,NA,NA,NA,NA,NA
222826,C6orf146,TTCTAAAGAAAGTGTTCTGTTCACAACAAATGAGGTGGGAGGGGTCTGACGACCAGAAAG,protein_coding,PRJNA215073,A/Panama/2007/1999 (H3N2) vs. mock infection,Calu-3,A/Panama/2007/1999 (H3N2),1,7,NA,NA,NA,NA,NA,NA,NA,NA
