entrezID,gene_symbol,probe_seq,biotype,bioproject,res_design,host_type,virus_strain,M.O.I,H.P.I,log2FoldChange,t,B,pvalue,padj,baseMean,lfcSE,stat
337968,KRTAP6-3,GACTGTGGCTATGGCTGTGGCTATGGCTATGTCTCCCACTCCTTCTGTGGCTGTGGCTAT,protein_coding,PRJNA139513,A/Vietnam/1203/2004(H5N1) vs. mock infection,Calu-3,A/Vietnam/1203/2004(H5N1),1,0,0.0748962099999995,0.376054438519653,-5.48988333419109,0.720198094221675,0.927400646767667,NA,NA,NA
337968,KRTAP6-3,GACTGTGGCTATGGCTGTGGCTATGGCTATGTCTCCCACTCCTTCTGTGGCTGTGGCTAT,protein_coding,PRJNA139513,A/Vietnam/1203/2004(H5N1) vs. mock infection,Calu-3,A/Vietnam/1203/2004(H5N1),1,12,0.15626474,0.752946800091922,-7.26939681898332,0.480157966917277,0.574108310880206,NA,NA,NA
337968,KRTAP6-3,GACTGTGGCTATGGCTGTGGCTATGGCTATGTCTCCCACTCCTTCTGTGGCTGTGGCTAT,protein_coding,PRJNA139513,A/Vietnam/1203/2004(H5N1) vs. mock infection,Calu-3,A/Vietnam/1203/2004(H5N1),1,18,0.749741283999998,1.82820304275339,-5.67869648702677,0.116102126345758,0.200663754312897,NA,NA,NA
337968,KRTAP6-3,GACTGTGGCTATGGCTGTGGCTATGGCTATGTCTCCCACTCCTTCTGTGGCTGTGGCTAT,protein_coding,PRJNA139513,A/Vietnam/1203/2004(H5N1) vs. mock infection,Calu-3,A/Vietnam/1203/2004(H5N1),1,24,1.92081603066667,6.57560380269493,-0.0424245637991332,0.000541022029825237,0.00197164358889545,NA,NA,NA
337968,KRTAP6-3,GACTGTGGCTATGGCTGTGGCTATGGCTATGTCTCCCACTCCTTCTGTGGCTGTGGCTAT,protein_coding,PRJNA139513,A/Vietnam/1203/2004(H5N1) vs. mock infection,Calu-3,A/Vietnam/1203/2004(H5N1),1,3,0.249210838000001,0.850708382029629,-5.00736963428272,0.429800406766354,0.812813263923176,NA,NA,NA
337968,KRTAP6-3,GACTGTGGCTATGGCTGTGGCTATGGCTATGTCTCCCACTCCTTCTGTGGCTGTGGCTAT,protein_coding,PRJNA139513,A/Vietnam/1203/2004(H5N1) vs. mock infection,Calu-3,A/Vietnam/1203/2004(H5N1),1,7,0.509318245666667,2.51284854232415,-4.76334117385494,0.0470399198650441,0.132532363405596,NA,NA,NA
337968,KRTAP6-3,GACTGTGGCTATGGCTGTGGCTATGGCTATGTCTCCCACTCCTTCTGTGGCTGTGGCTAT,protein_coding,PRJNA163315,A/California/04/09 (H1N1) vs. mock infection,Calu-3,A/California/04/09 (H1N1),3,0,0.0214403086666648,0.116507635160583,-6.0279500312337,0.91098056875455,0.969649714117993,NA,NA,NA
337968,KRTAP6-3,GACTGTGGCTATGGCTGTGGCTATGGCTATGTCTCCCACTCCTTCTGTGGCTGTGGCTAT,protein_coding,PRJNA163315,A/California/04/09 (H1N1) vs. mock infection,Calu-3,A/California/04/09 (H1N1),3,12,0.375746223666666,1.13716607951206,-7.20049842141516,0.298853039553995,0.390485683862834,NA,NA,NA
337968,KRTAP6-3,GACTGTGGCTATGGCTGTGGCTATGGCTATGTCTCCCACTCCTTCTGTGGCTGTGGCTAT,protein_coding,PRJNA163315,A/California/04/09 (H1N1) vs. mock infection,Calu-3,A/California/04/09 (H1N1),3,18,0.512405689666667,2.23901263711191,-5.66838496994778,0.0628946411185799,0.106224476370658,NA,NA,NA
337968,KRTAP6-3,GACTGTGGCTATGGCTGTGGCTATGGCTATGTCTCCCACTCCTTCTGTGGCTGTGGCTAT,protein_coding,PRJNA163315,A/California/04/09 (H1N1) vs. mock infection,Calu-3,A/California/04/09 (H1N1),3,24,0.537355913666667,1.90447486847547,-6.3570463046991,0.10734756255331,0.169503068142182,NA,NA,NA
337968,KRTAP6-3,GACTGTGGCTATGGCTGTGGCTATGGCTATGTCTCCCACTCCTTCTGTGGCTGTGGCTAT,protein_coding,PRJNA163315,A/California/04/09 (H1N1) vs. mock infection,Calu-3,A/California/04/09 (H1N1),3,30,0.703113803333332,4.50660435009284,-3.05766255934622,0.00436942327864104,0.0107572355572015,NA,NA,NA
337968,KRTAP6-3,GACTGTGGCTATGGCTGTGGCTATGGCTATGTCTCCCACTCCTTCTGTGGCTGTGGCTAT,protein_coding,PRJNA163315,A/California/04/09 (H1N1) vs. mock infection,Calu-3,A/California/04/09 (H1N1),3,36,0.523197437333335,1.59377060115934,-6.45095057744895,0.163514613569754,0.262172503617842,NA,NA,NA
337968,KRTAP6-3,GACTGTGGCTATGGCTGTGGCTATGGCTATGTCTCCCACTCCTTCTGTGGCTGTGGCTAT,protein_coding,PRJNA163315,A/California/04/09 (H1N1) vs. mock infection,Calu-3,A/California/04/09 (H1N1),3,3,-0.0642862736666672,-0.402502824933664,-5.1710801491695,0.700657151479631,0.999999999999963,NA,NA,NA
337968,KRTAP6-3,GACTGTGGCTATGGCTGTGGCTATGGCTATGTCTCCCACTCCTTCTGTGGCTGTGGCTAT,protein_coding,PRJNA163315,A/California/04/09 (H1N1) vs. mock infection,Calu-3,A/California/04/09 (H1N1),3,48,0.605562214999999,2.54351618244078,-5.0356158880631,0.0445305064591491,0.0939787331122029,NA,NA,NA
337968,KRTAP6-3,GACTGTGGCTATGGCTGTGGCTATGGCTATGTCTCCCACTCCTTCTGTGGCTGTGGCTAT,protein_coding,PRJNA163315,A/California/04/09 (H1N1) vs. mock infection,Calu-3,A/California/04/09 (H1N1),3,7,0.0535147209999982,0.379587393049677,-7.58077653058586,0.717087693686402,0.81274139483016,NA,NA,NA
337968,KRTAP6-3,GACTGTGGCTATGGCTGTGGCTATGGCTATGTCTCCCACTCCTTCTGTGGCTGTGGCTAT,protein_coding,PRJNA175069,A/California/04/09 (H1N1) vs. mock infection,Calu-3,A/California/04/09 (H1N1),3,0,0.101746016999997,0.357902885994026,-5.82459252843463,0.733179764540982,0.966568373896831,NA,NA,NA
337968,KRTAP6-3,GACTGTGGCTATGGCTGTGGCTATGGCTATGTCTCCCACTCCTTCTGTGGCTGTGGCTAT,protein_coding,PRJNA175069,A/California/04/09 (H1N1) vs. mock infection,Calu-3,A/California/04/09 (H1N1),3,12,0.495048367333335,7.70663669098954,0.83574175883078,0.000246012457049401,0.00268316472680026,NA,NA,NA
337968,KRTAP6-3,GACTGTGGCTATGGCTGTGGCTATGGCTATGTCTCCCACTCCTTCTGTGGCTGTGGCTAT,protein_coding,PRJNA175069,A/California/04/09 (H1N1) vs. mock infection,Calu-3,A/California/04/09 (H1N1),3,24,0.135100458999998,0.617044750549976,-7.72242316742679,0.559776401214333,0.659429986320119,NA,NA,NA
337968,KRTAP6-3,GACTGTGGCTATGGCTGTGGCTATGGCTATGTCTCCCACTCCTTCTGTGGCTGTGGCTAT,protein_coding,PRJNA175069,A/California/04/09 (H1N1) vs. mock infection,Calu-3,A/California/04/09 (H1N1),3,48,0.00713069599999994,0.0497012413263975,-7.68304721475138,0.961932013261771,0.975210703040366,NA,NA,NA
337968,KRTAP6-3,GACTGTGGCTATGGCTGTGGCTATGGCTATGTCTCCCACTCCTTCTGTGGCTGTGGCTAT,protein_coding,PRJNA175069,A/Netherlands/602/2009 (H1N1) vs. mock infection,Calu-3,A/Netherlands/602/2009 (H1N1),3,0,0.244672685666665,2.06754342378504,-4.31610066698918,0.0852359047885005,0.596640508316495,NA,NA,NA
337968,KRTAP6-3,GACTGTGGCTATGGCTGTGGCTATGGCTATGTCTCCCACTCCTTCTGTGGCTGTGGCTAT,protein_coding,PRJNA175069,A/Netherlands/602/2009 (H1N1) vs. mock infection,Calu-3,A/Netherlands/602/2009 (H1N1),3,12,0.429351848333331,2.9424616105023,-4.03852828607755,0.0258713336370119,0.106577816650099,NA,NA,NA
337968,KRTAP6-3,GACTGTGGCTATGGCTGTGGCTATGGCTATGTCTCCCACTCCTTCTGTGGCTGTGGCTAT,protein_coding,PRJNA175069,A/Netherlands/602/2009 (H1N1) vs. mock infection,Calu-3,A/Netherlands/602/2009 (H1N1),3,18,-0.179336249333335,-0.824299188014514,-7.04825747273111,0.440134999337795,0.660829999473191,NA,NA,NA
337968,KRTAP6-3,GACTGTGGCTATGGCTGTGGCTATGGCTATGTCTCCCACTCCTTCTGTGGCTGTGGCTAT,protein_coding,PRJNA175069,A/Netherlands/602/2009 (H1N1) vs. mock infection,Calu-3,A/Netherlands/602/2009 (H1N1),3,24,0.106675795000001,0.325513687923778,-7.60731571352067,0.755856652084344,0.842785283609856,NA,NA,NA
337968,KRTAP6-3,GACTGTGGCTATGGCTGTGGCTATGGCTATGTCTCCCACTCCTTCTGTGGCTGTGGCTAT,protein_coding,PRJNA175069,A/Netherlands/602/2009 (H1N1) vs. mock infection,Calu-3,A/Netherlands/602/2009 (H1N1),3,30,0.579143462999999,2.94315135348583,-4.80448490292619,0.0262910709116168,0.047742491953931,NA,NA,NA
337968,KRTAP6-3,GACTGTGGCTATGGCTGTGGCTATGGCTATGTCTCCCACTCCTTCTGTGGCTGTGGCTAT,protein_coding,PRJNA175069,A/Netherlands/602/2009 (H1N1) vs. mock infection,Calu-3,A/Netherlands/602/2009 (H1N1),3,36,0.0232391880000016,0.123666539868102,-7.97851532365563,0.905763983362479,0.929137044762482,NA,NA,NA
337968,KRTAP6-3,GACTGTGGCTATGGCTGTGGCTATGGCTATGTCTCCCACTCCTTCTGTGGCTGTGGCTAT,protein_coding,PRJNA175069,A/Netherlands/602/2009 (H1N1) vs. mock infection,Calu-3,A/Netherlands/602/2009 (H1N1),3,3,-0.262514518000001,-1.25074210826387,-5.04095920381265,0.256889520482385,0.915868896050199,NA,NA,NA
337968,KRTAP6-3,GACTGTGGCTATGGCTGTGGCTATGGCTATGTCTCCCACTCCTTCTGTGGCTGTGGCTAT,protein_coding,PRJNA175069,A/Netherlands/602/2009 (H1N1) vs. mock infection,Calu-3,A/Netherlands/602/2009 (H1N1),3,48,-0.116283094333335,-0.900634036455423,-7.24854777892648,0.401226528192205,0.515384111291184,NA,NA,NA
337968,KRTAP6-3,GACTGTGGCTATGGCTGTGGCTATGGCTATGTCTCCCACTCCTTCTGTGGCTGTGGCTAT,protein_coding,PRJNA175069,A/Netherlands/602/2009 (H1N1) vs. mock infection,Calu-3,A/Netherlands/602/2009 (H1N1),3,7,0.383355977666665,2.41739874922073,-3.78979031861958,0.0509019684535288,0.300006701450662,NA,NA,NA
337968,KRTAP6-3,GACTGTGGCTATGGCTGTGGCTATGGCTATGTCTCCCACTCCTTCTGTGGCTGTGGCTAT,protein_coding,PRJNA215073,A/Anhui/01/2013 (H7N9) vs. mock infection,Calu-3,A/Anhui/01/2013 (H7N9),1,12,-0.1845402455,-1.49534431741582,-6.55292042789731,0.171086362751183,0.270200746118031,NA,NA,NA
337968,KRTAP6-3,GACTGTGGCTATGGCTGTGGCTATGGCTATGTCTCCCACTCCTTCTGTGGCTGTGGCTAT,protein_coding,PRJNA215073,A/Anhui/01/2013 (H7N9) vs. mock infection,Calu-3,A/Anhui/01/2013 (H7N9),1,24,0.51368564825,3.97163644503379,-3.06303640173637,0.00391011860374584,0.0064135719660356,NA,NA,NA
337968,KRTAP6-3,GACTGTGGCTATGGCTGTGGCTATGGCTATGTCTCCCACTCCTTCTGTGGCTGTGGCTAT,protein_coding,PRJNA215073,A/Anhui/01/2013 (H7N9) vs. mock infection,Calu-3,A/Anhui/01/2013 (H7N9),1,3,-0.102406102,-0.653648705075743,-6.69443754991654,0.530787068138527,0.709645681248165,NA,NA,NA
337968,KRTAP6-3,GACTGTGGCTATGGCTGTGGCTATGGCTATGTCTCCCACTCCTTCTGTGGCTGTGGCTAT,protein_coding,PRJNA215073,A/Anhui/01/2013 (H7N9) vs. mock infection,Calu-3,A/Anhui/01/2013 (H7N9),1,7,-0.0827353030000006,-0.490814540212846,-6.64017216469329,0.636608681330592,0.815313158577418,NA,NA,NA
337968,KRTAP6-3,GACTGTGGCTATGGCTGTGGCTATGGCTATGTCTCCCACTCCTTCTGTGGCTGTGGCTAT,protein_coding,PRJNA215073,A/Netherland/219/2003 (H7N7) vs. mock infection,Calu-3,A/Netherland/219/2003 (H7N7),1,12,-0.0851102790000002,-0.482213178277025,-7.31643312264221,0.642309514190558,0.747262547953587,NA,NA,NA
337968,KRTAP6-3,GACTGTGGCTATGGCTGTGGCTATGGCTATGTCTCCCACTCCTTCTGTGGCTGTGGCTAT,protein_coding,PRJNA215073,A/Netherland/219/2003 (H7N7) vs. mock infection,Calu-3,A/Netherland/219/2003 (H7N7),1,24,1.47834940625,7.38840603748492,1.15183912489208,9.738246619627e-05,0.000241357015898745,NA,NA,NA
337968,KRTAP6-3,GACTGTGGCTATGGCTGTGGCTATGGCTATGTCTCCCACTCCTTCTGTGGCTGTGGCTAT,protein_coding,PRJNA215073,A/Netherland/219/2003 (H7N7) vs. mock infection,Calu-3,A/Netherland/219/2003 (H7N7),1,3,-0.2486043,-1.843376,-5.586994,0.1016758,0.194525,NA,NA,NA
337968,KRTAP6-3,GACTGTGGCTATGGCTGTGGCTATGGCTATGTCTCCCACTCCTTCTGTGGCTGTGGCTAT,protein_coding,PRJNA215073,A/Netherland/219/2003 (H7N7) vs. mock infection,Calu-3,A/Netherland/219/2003 (H7N7),1,7,-0.0444899704999999,-0.271302402536893,-6.75513467411678,0.792879541756545,0.909256442916111,NA,NA,NA
337968,KRTAP6-3,GACTGTGGCTATGGCTGTGGCTATGGCTATGTCTCCCACTCCTTCTGTGGCTGTGGCTAT,protein_coding,PRJNA215073,A/Vietnam/1203/2004 (H5N1) vs. mock infection,Calu-3,A/Vietnam/1203/2004 (H5N1),1,12,-0.193039929499998,-1.85257148242262,-5.76925264015299,0.0997791762439524,0.24637258308446,NA,NA,NA
337968,KRTAP6-3,GACTGTGGCTATGGCTGTGGCTATGGCTATGTCTCCCACTCCTTCTGTGGCTGTGGCTAT,protein_coding,PRJNA215073,A/Vietnam/1203/2004 (H5N1) vs. mock infection,Calu-3,A/Vietnam/1203/2004 (H5N1),1,24,0.897776285000002,4.61751090947336,-2.09868077423101,0.00181236123227456,0.00302940175934735,NA,NA,NA
337968,KRTAP6-3,GACTGTGGCTATGGCTGTGGCTATGGCTATGTCTCCCACTCCTTCTGTGGCTGTGGCTAT,protein_coding,PRJNA215073,A/Vietnam/1203/2004 (H5N1) vs. mock infection,Calu-3,A/Vietnam/1203/2004 (H5N1),1,3,-0.0582206426666652,-0.383069742689961,-7.0691453349482,0.712978346053477,0.832732796948207,NA,NA,NA
337968,KRTAP6-3,GACTGTGGCTATGGCTGTGGCTATGGCTATGTCTCCCACTCCTTCTGTGGCTGTGGCTAT,protein_coding,PRJNA215073,A/Vietnam/1203/2004 (H5N1) vs. mock infection,Calu-3,A/Vietnam/1203/2004 (H5N1),1,7,-0.0862290935000001,-0.522261385686018,-5.40296831261942,0.614953437360494,0.879214609719856,NA,NA,NA
337968,KRTAP6-3,GACTGTGGCTATGGCTGTGGCTATGGCTATGTCTCCCACTCCTTCTGTGGCTGTGGCTAT,protein_coding,PRJNA215073,A/Panama/2007/1999 (H3N2) vs. mock infection,Calu-3,A/Panama/2007/1999 (H3N2),1,12,0.45182635175,3.51719020428912,-3.82529614588884,0.00764168740833284,0.0171275423578697,NA,NA,NA
337968,KRTAP6-3,GACTGTGGCTATGGCTGTGGCTATGGCTATGTCTCCCACTCCTTCTGTGGCTGTGGCTAT,protein_coding,PRJNA215073,A/Panama/2007/1999 (H3N2) vs. mock infection,Calu-3,A/Panama/2007/1999 (H3N2),1,24,0.810061947499999,3.47535766864829,-3.72890536131884,0.00832239152268907,0.0155684472594267,NA,NA,NA
337968,KRTAP6-3,GACTGTGGCTATGGCTGTGGCTATGGCTATGTCTCCCACTCCTTCTGTGGCTGTGGCTAT,protein_coding,PRJNA215073,A/Panama/2007/1999 (H3N2) vs. mock infection,Calu-3,A/Panama/2007/1999 (H3N2),1,3,-0.218751471666668,-1.1319354056614,-6.31183753021824,0.294114784836131,0.473981569703824,NA,NA,NA
337968,KRTAP6-3,GACTGTGGCTATGGCTGTGGCTATGGCTATGTCTCCCACTCCTTCTGTGGCTGTGGCTAT,protein_coding,PRJNA215073,A/Panama/2007/1999 (H3N2) vs. mock infection,Calu-3,A/Panama/2007/1999 (H3N2),1,7,0.0978683587500022,0.527434773798288,-6.69613435729116,0.611786695144698,0.763712987858148,NA,NA,NA
337968,KRTAP6-3,NA,protein_coding,PRJNA557257,A/Panama/2007/1999 (H3N2) vs. mock infection,lung explants,A/Panama/2007/1999 (H3N2),1E5 PFU/mL,24,0.533659318132795,NA,NA,0.860021303069717,0.99776532938064,0.0407380093856501,3.02618800583873,0.176347046879821
337968,KRTAP6-3,NA,protein_coding,PRJNA559077,A/swine/Zhejiang/04 (H3N2) vs. mock infection,A549,A/swine/Zhejiang/04 (H3N2),10,24,-0.0438130853467917,NA,NA,0.991056850450315,1,0.602484872124585,3.90880776150344,-0.0112088104660179
337968,KRTAP6-3,NA,protein_coding,PRJNA559077,A/Hangzhou/1/2013 (H7N9) vs. mock infection,A549,A/Hangzhou/1/2013 (H7N9),10,24,-1.12169501387136,NA,NA,0.773985976141483,0.890984627340022,0.602484872124585,3.90609918749187,-0.287165010418388
337968,KRTAP6-3,NA,protein_coding,PRJNA667475,A/WSN/1933 (H1N1) vs. mock infection,A549,A/WSN/1933 (H1N1),0.02,24,NA,NA,NA,NA,NA,0,NA,NA
337968,KRTAP6-3,NA,protein_coding,PRJNA795161,A/Oklahoma/447/2008 (H1N1) vs. mock infection,human bronchial epithelial cells (HBEC),A/Oklahoma/447/2008 (H1N1),N.A.,48,NA,NA,NA,NA,NA,0,NA,NA
