entrezID,gene_symbol,probe_seq,biotype,bioproject,res_design,host_type,virus_strain,M.O.I,H.P.I,log2FoldChange,t,B,pvalue,padj,baseMean,lfcSE,stat
NA,LOC100216001,GTTTCCAAAATAAATAAAGAGCAGGCTAGAGGGAAACCTCCAGTCCTTAGAAACCACGGC,NA,PRJNA215073,A/Anhui/01/2013 (H7N9) vs. mock infection,Calu-3,A/Anhui/01/2013 (H7N9),1,12,-0.296120436500001,-2.03051084475945,-5.78646959355039,0.0748055132118537,0.140321216862572,NA,NA,NA
100216001,LOC100216001,TTTCCAAAATAAATAAAGAGCAGGCTAGAGGGAAACCTCCAGTCCTTAGAAACCACGGCA,lncRNA,PRJNA215073,A/Anhui/01/2013 (H7N9) vs. mock infection,Calu-3,A/Anhui/01/2013 (H7N9),1,12,-0.0865657500000001,-0.572339742223726,-7.48025327228885,0.581948203234616,0.686003465608255,NA,NA,NA
NA,LOC100216001,GTTTCCAAAATAAATAAAGAGCAGGCTAGAGGGAAACCTCCAGTCCTTAGAAACCACGGC,NA,PRJNA215073,A/Anhui/01/2013 (H7N9) vs. mock infection,Calu-3,A/Anhui/01/2013 (H7N9),1,24,-0.768867735249998,-5.18871187900832,-1.31335472160578,0.000770800929166135,0.00148299292004149,NA,NA,NA
100216001,LOC100216001,TTTCCAAAATAAATAAAGAGCAGGCTAGAGGGAAACCTCCAGTCCTTAGAAACCACGGCA,lncRNA,PRJNA215073,A/Anhui/01/2013 (H7N9) vs. mock infection,Calu-3,A/Anhui/01/2013 (H7N9),1,24,-0.73687557525,-4.50802743987132,-2.26676686882712,0.00186111400538324,0.00327919067571184,NA,NA,NA
NA,LOC100216001,GTTTCCAAAATAAATAAAGAGCAGGCTAGAGGGAAACCTCCAGTCCTTAGAAACCACGGC,NA,PRJNA215073,A/Anhui/01/2013 (H7N9) vs. mock infection,Calu-3,A/Anhui/01/2013 (H7N9),1,3,0.19436890275,1.9113824979963,-5.24719833407411,0.0905213287952039,0.239744417239155,NA,NA,NA
100216001,LOC100216001,TTTCCAAAATAAATAAAGAGCAGGCTAGAGGGAAACCTCCAGTCCTTAGAAACCACGGCA,lncRNA,PRJNA215073,A/Anhui/01/2013 (H7N9) vs. mock infection,Calu-3,A/Anhui/01/2013 (H7N9),1,3,-0.0191763547500008,-0.206321952246942,-6.90178946863539,0.841443314704868,0.913255264938298,NA,NA,NA
NA,LOC100216001,GTTTCCAAAATAAATAAAGAGCAGGCTAGAGGGAAACCTCCAGTCCTTAGAAACCACGGC,NA,PRJNA215073,A/Anhui/01/2013 (H7N9) vs. mock infection,Calu-3,A/Anhui/01/2013 (H7N9),1,7,-0.122745201499999,-0.488055812492746,-6.64162628329059,0.638477819107394,0.816272737822387,NA,NA,NA
100216001,LOC100216001,TTTCCAAAATAAATAAAGAGCAGGCTAGAGGGAAACCTCCAGTCCTTAGAAACCACGGCA,lncRNA,PRJNA215073,A/Anhui/01/2013 (H7N9) vs. mock infection,Calu-3,A/Anhui/01/2013 (H7N9),1,7,-0.00194913174999911,-0.00982377944867271,-6.77175515304906,0.992400098924313,0.997071047487006,NA,NA,NA
NA,LOC100216001,GTTTCCAAAATAAATAAAGAGCAGGCTAGAGGGAAACCTCCAGTCCTTAGAAACCACGGC,NA,PRJNA215073,A/Netherland/219/2003 (H7N7) vs. mock infection,Calu-3,A/Netherland/219/2003 (H7N7),1,12,-0.450073765750001,-3.63632528526863,-3.05608068234482,0.00639276041609519,0.0253304724499094,NA,NA,NA
100216001,LOC100216001,TTTCCAAAATAAATAAAGAGCAGGCTAGAGGGAAACCTCCAGTCCTTAGAAACCACGGCA,lncRNA,PRJNA215073,A/Netherland/219/2003 (H7N7) vs. mock infection,Calu-3,A/Netherland/219/2003 (H7N7),1,12,-0.47576368425,-1.65497894304716,-6.12422463093894,0.135740474532489,0.240219754237406,NA,NA,NA
100216001,LOC100216001,TTTCCAAAATAAATAAAGAGCAGGCTAGAGGGAAACCTCCAGTCCTTAGAAACCACGGCA,lncRNA,PRJNA215073,A/Netherland/219/2003 (H7N7) vs. mock infection,Calu-3,A/Netherland/219/2003 (H7N7),1,24,-1.3498509015,-9.29606083460876,2.91100201776953,1.97342591172224e-05,6.54400417752166e-05,NA,NA,NA
NA,LOC100216001,GTTTCCAAAATAAATAAAGAGCAGGCTAGAGGGAAACCTCCAGTCCTTAGAAACCACGGC,NA,PRJNA215073,A/Netherland/219/2003 (H7N7) vs. mock infection,Calu-3,A/Netherland/219/2003 (H7N7),1,24,-1.742720663,-5.28917699619524,-1.23766230644522,0.000856777411010632,0.00159311032364449,NA,NA,NA
NA,LOC100216001,GTTTCCAAAATAAATAAAGAGCAGGCTAGAGGGAAACCTCCAGTCCTTAGAAACCACGGC,NA,PRJNA215073,A/Netherland/219/2003 (H7N7) vs. mock infection,Calu-3,A/Netherland/219/2003 (H7N7),1,3,0.4164355,3.767633,-2.597192,0.005261442,0.02596428,NA,NA,NA
100216001,LOC100216001,TTTCCAAAATAAATAAAGAGCAGGCTAGAGGGAAACCTCCAGTCCTTAGAAACCACGGCA,lncRNA,PRJNA215073,A/Netherland/219/2003 (H7N7) vs. mock infection,Calu-3,A/Netherland/219/2003 (H7N7),1,3,0.0482534,0.6406445,-6.947285,0.539273,0.6546996,NA,NA,NA
100216001,LOC100216001,TTTCCAAAATAAATAAAGAGCAGGCTAGAGGGAAACCTCCAGTCCTTAGAAACCACGGCA,lncRNA,PRJNA215073,A/Netherland/219/2003 (H7N7) vs. mock infection,Calu-3,A/Netherland/219/2003 (H7N7),1,7,0.575802093,3.53860713473962,-2.61915339898646,0.00736681294392355,0.0724279999510181,NA,NA,NA
NA,LOC100216001,GTTTCCAAAATAAATAAAGAGCAGGCTAGAGGGAAACCTCCAGTCCTTAGAAACCACGGC,NA,PRJNA215073,A/Netherland/219/2003 (H7N7) vs. mock infection,Calu-3,A/Netherland/219/2003 (H7N7),1,7,0.672355778250001,1.99919742155654,-4.99707743184362,0.0798302067686382,0.266422100718929,NA,NA,NA
NA,LOC100216001,GTTTCCAAAATAAATAAAGAGCAGGCTAGAGGGAAACCTCCAGTCCTTAGAAACCACGGC,NA,PRJNA215073,A/Vietnam/1203/2004 (H5N1) vs. mock infection,Calu-3,A/Vietnam/1203/2004 (H5N1),1,12,-0.311662231500001,-2.15500950463266,-5.31483588075143,0.0621020972075747,0.184057032855823,NA,NA,NA
100216001,LOC100216001,TTTCCAAAATAAATAAAGAGCAGGCTAGAGGGAAACCTCCAGTCCTTAGAAACCACGGCA,lncRNA,PRJNA215073,A/Vietnam/1203/2004 (H5N1) vs. mock infection,Calu-3,A/Vietnam/1203/2004 (H5N1),1,12,-0.339572283250002,-1.26689111851798,-6.55232607897021,0.239626122646355,0.424987720658173,NA,NA,NA
NA,LOC100216001,GTTTCCAAAATAAATAAAGAGCAGGCTAGAGGGAAACCTCCAGTCCTTAGAAACCACGGC,NA,PRJNA215073,A/Vietnam/1203/2004 (H5N1) vs. mock infection,Calu-3,A/Vietnam/1203/2004 (H5N1),1,24,-1.24855810125,-2.67328388445613,-5.02906013814117,0.0287461663308635,0.037857412468609,NA,NA,NA
100216001,LOC100216001,TTTCCAAAATAAATAAAGAGCAGGCTAGAGGGAAACCTCCAGTCCTTAGAAACCACGGCA,lncRNA,PRJNA215073,A/Vietnam/1203/2004 (H5N1) vs. mock infection,Calu-3,A/Vietnam/1203/2004 (H5N1),1,24,-0.4422006315,-0.613337552329504,-7.68008371652728,0.557034861014987,0.59031106785604,NA,NA,NA
NA,LOC100216001,GTTTCCAAAATAAATAAAGAGCAGGCTAGAGGGAAACCTCCAGTCCTTAGAAACCACGGC,NA,PRJNA215073,A/Vietnam/1203/2004 (H5N1) vs. mock infection,Calu-3,A/Vietnam/1203/2004 (H5N1),1,3,0.399653564666669,2.60723494760027,-4.45842336386373,0.0348955011947995,0.116438566401593,NA,NA,NA
100216001,LOC100216001,TTTCCAAAATAAATAAAGAGCAGGCTAGAGGGAAACCTCCAGTCCTTAGAAACCACGGCA,lncRNA,PRJNA215073,A/Vietnam/1203/2004 (H5N1) vs. mock infection,Calu-3,A/Vietnam/1203/2004 (H5N1),1,3,0.312945405000002,2.4138036032511,-4.74759273532181,0.0463362285401304,0.140331895445712,NA,NA,NA
100216001,LOC100216001,TTTCCAAAATAAATAAAGAGCAGGCTAGAGGGAAACCTCCAGTCCTTAGAAACCACGGCA,lncRNA,PRJNA215073,A/Vietnam/1203/2004 (H5N1) vs. mock infection,Calu-3,A/Vietnam/1203/2004 (H5N1),1,7,0.228093189999999,1.14771078919647,-4.95737677689725,0.282663959996282,0.701120037437895,NA,NA,NA
NA,LOC100216001,GTTTCCAAAATAAATAAAGAGCAGGCTAGAGGGAAACCTCCAGTCCTTAGAAACCACGGC,NA,PRJNA215073,A/Vietnam/1203/2004 (H5N1) vs. mock infection,Calu-3,A/Vietnam/1203/2004 (H5N1),1,7,-0.115411911000001,-0.340786894783589,-5.47513920787918,0.741615673566628,0.927593521409636,NA,NA,NA
NA,LOC100216001,GTTTCCAAAATAAATAAAGAGCAGGCTAGAGGGAAACCTCCAGTCCTTAGAAACCACGGC,NA,PRJNA215073,A/Panama/2007/1999 (H3N2) vs. mock infection,Calu-3,A/Panama/2007/1999 (H3N2),1,12,-0.551053009000002,-4.19431739376936,-2.79074200547188,0.00289391477375941,0.00791421842382518,NA,NA,NA
100216001,LOC100216001,TTTCCAAAATAAATAAAGAGCAGGCTAGAGGGAAACCTCCAGTCCTTAGAAACCACGGCA,lncRNA,PRJNA215073,A/Panama/2007/1999 (H3N2) vs. mock infection,Calu-3,A/Panama/2007/1999 (H3N2),1,12,-0.224211228750001,-1.09470051990253,-7.41658370252305,0.304923819087137,0.373675414371885,NA,NA,NA
NA,LOC100216001,GTTTCCAAAATAAATAAAGAGCAGGCTAGAGGGAAACCTCCAGTCCTTAGAAACCACGGC,NA,PRJNA215073,A/Panama/2007/1999 (H3N2) vs. mock infection,Calu-3,A/Panama/2007/1999 (H3N2),1,24,-1.368159847,-9.54981349057011,3.41675767864414,1.16230318980161e-05,9.02073037018906e-05,NA,NA,NA
100216001,LOC100216001,TTTCCAAAATAAATAAAGAGCAGGCTAGAGGGAAACCTCCAGTCCTTAGAAACCACGGCA,lncRNA,PRJNA215073,A/Panama/2007/1999 (H3N2) vs. mock infection,Calu-3,A/Panama/2007/1999 (H3N2),1,24,-1.359970584,-4.21511542670935,-2.60838427205548,0.00290797057794865,0.00639106414501471,NA,NA,NA
NA,LOC100216001,GTTTCCAAAATAAATAAAGAGCAGGCTAGAGGGAAACCTCCAGTCCTTAGAAACCACGGC,NA,PRJNA215073,A/Panama/2007/1999 (H3N2) vs. mock infection,Calu-3,A/Panama/2007/1999 (H3N2),1,3,-0.0841122466666642,-0.414734560479172,-6.88124587679978,0.690471633164166,0.808828985786214,NA,NA,NA
100216001,LOC100216001,TTTCCAAAATAAATAAAGAGCAGGCTAGAGGGAAACCTCCAGTCCTTAGAAACCACGGCA,lncRNA,PRJNA215073,A/Panama/2007/1999 (H3N2) vs. mock infection,Calu-3,A/Panama/2007/1999 (H3N2),1,3,-0.0244462343333325,-0.203398080340672,-6.95395338829463,0.844479640805633,0.909858060051421,NA,NA,NA
NA,LOC100216001,GTTTCCAAAATAAATAAAGAGCAGGCTAGAGGGAAACCTCCAGTCCTTAGAAACCACGGC,NA,PRJNA215073,A/Panama/2007/1999 (H3N2) vs. mock infection,Calu-3,A/Panama/2007/1999 (H3N2),1,7,0.23295283625,1.57380846469539,-5.64888780163259,0.153059987955755,0.339584870189277,NA,NA,NA
100216001,LOC100216001,TTTCCAAAATAAATAAAGAGCAGGCTAGAGGGAAACCTCCAGTCCTTAGAAACCACGGCA,lncRNA,PRJNA215073,A/Panama/2007/1999 (H3N2) vs. mock infection,Calu-3,A/Panama/2007/1999 (H3N2),1,7,0.240369578749999,1.25654950007094,-6.04765063688902,0.243348813958491,0.448526554662476,NA,NA,NA
