entrezID,gene_symbol,probe_seq,biotype,bioproject,res_design,host_type,virus_strain,M.O.I,H.P.I,log2FoldChange,t,B,pvalue,padj,baseMean,lfcSE,stat
100506470,LOC100506470,GCCCACTCAACCGTTGCTGGGGACTGATTCTTTCAGCTCTACATAGAATTCAAGAACTAT,lncRNA,PRJNA139513,A/Vietnam/1203/2004(H5N1) vs. mock infection,Calu-3,A/Vietnam/1203/2004(H5N1),1,0,-0.0325948359999999,-0.230161272138437,-5.53334194310796,0.82583991695232,0.959438186910246,NA,NA,NA
100506470,LOC100506470,GCCCACTCAACCGTTGCTGGGGACTGATTCTTTCAGCTCTACATAGAATTCAAGAACTAT,lncRNA,PRJNA139513,A/Vietnam/1203/2004(H5N1) vs. mock infection,Calu-3,A/Vietnam/1203/2004(H5N1),1,12,-0.150120491,-0.745697449562406,-7.27517815748382,0.484213358931279,0.577672393735612,NA,NA,NA
100506470,LOC100506470,GCCCACTCAACCGTTGCTGGGGACTGATTCTTTCAGCTCTACATAGAATTCAAGAACTAT,lncRNA,PRJNA139513,A/Vietnam/1203/2004(H5N1) vs. mock infection,Calu-3,A/Vietnam/1203/2004(H5N1),1,18,0.951665079666666,2.35567566230427,-4.93818813193109,0.055612583909399,0.111671139445296,NA,NA,NA
100506470,LOC100506470,GCCCACTCAACCGTTGCTGGGGACTGATTCTTTCAGCTCTACATAGAATTCAAGAACTAT,lncRNA,PRJNA139513,A/Vietnam/1203/2004(H5N1) vs. mock infection,Calu-3,A/Vietnam/1203/2004(H5N1),1,24,0.624938158666666,2.72921117691422,-4.57073738798652,0.0334524102078202,0.057622714914853,NA,NA,NA
100506470,LOC100506470,GCCCACTCAACCGTTGCTGGGGACTGATTCTTTCAGCTCTACATAGAATTCAAGAACTAT,lncRNA,PRJNA139513,A/Vietnam/1203/2004(H5N1) vs. mock infection,Calu-3,A/Vietnam/1203/2004(H5N1),1,3,0.131267520333333,0.406264371374164,-5.23486040384453,0.699615326047282,0.900599984366203,NA,NA,NA
100506470,LOC100506470,GCCCACTCAACCGTTGCTGGGGACTGATTCTTTCAGCTCTACATAGAATTCAAGAACTAT,lncRNA,PRJNA139513,A/Vietnam/1203/2004(H5N1) vs. mock infection,Calu-3,A/Vietnam/1203/2004(H5N1),1,7,0.588188636,1.63843512707876,-5.96408316958967,0.154103008315996,0.303986352929787,NA,NA,NA
100506470,LOC100506470,GCCCACTCAACCGTTGCTGGGGACTGATTCTTTCAGCTCTACATAGAATTCAAGAACTAT,lncRNA,PRJNA163315,A/California/04/09 (H1N1) vs. mock infection,Calu-3,A/California/04/09 (H1N1),3,0,NA,NA,NA,NA,NA,NA,NA,NA
100506470,LOC100506470,GCCCACTCAACCGTTGCTGGGGACTGATTCTTTCAGCTCTACATAGAATTCAAGAACTAT,lncRNA,PRJNA163315,A/California/04/09 (H1N1) vs. mock infection,Calu-3,A/California/04/09 (H1N1),3,12,NA,NA,NA,NA,NA,NA,NA,NA
100506470,LOC100506470,GCCCACTCAACCGTTGCTGGGGACTGATTCTTTCAGCTCTACATAGAATTCAAGAACTAT,lncRNA,PRJNA163315,A/California/04/09 (H1N1) vs. mock infection,Calu-3,A/California/04/09 (H1N1),3,18,NA,NA,NA,NA,NA,NA,NA,NA
100506470,LOC100506470,GCCCACTCAACCGTTGCTGGGGACTGATTCTTTCAGCTCTACATAGAATTCAAGAACTAT,lncRNA,PRJNA163315,A/California/04/09 (H1N1) vs. mock infection,Calu-3,A/California/04/09 (H1N1),3,24,NA,NA,NA,NA,NA,NA,NA,NA
100506470,LOC100506470,GCCCACTCAACCGTTGCTGGGGACTGATTCTTTCAGCTCTACATAGAATTCAAGAACTAT,lncRNA,PRJNA163315,A/California/04/09 (H1N1) vs. mock infection,Calu-3,A/California/04/09 (H1N1),3,30,NA,NA,NA,NA,NA,NA,NA,NA
100506470,LOC100506470,GCCCACTCAACCGTTGCTGGGGACTGATTCTTTCAGCTCTACATAGAATTCAAGAACTAT,lncRNA,PRJNA163315,A/California/04/09 (H1N1) vs. mock infection,Calu-3,A/California/04/09 (H1N1),3,36,NA,NA,NA,NA,NA,NA,NA,NA
100506470,LOC100506470,GCCCACTCAACCGTTGCTGGGGACTGATTCTTTCAGCTCTACATAGAATTCAAGAACTAT,lncRNA,PRJNA163315,A/California/04/09 (H1N1) vs. mock infection,Calu-3,A/California/04/09 (H1N1),3,3,NA,NA,NA,NA,NA,NA,NA,NA
100506470,LOC100506470,GCCCACTCAACCGTTGCTGGGGACTGATTCTTTCAGCTCTACATAGAATTCAAGAACTAT,lncRNA,PRJNA163315,A/California/04/09 (H1N1) vs. mock infection,Calu-3,A/California/04/09 (H1N1),3,48,NA,NA,NA,NA,NA,NA,NA,NA
100506470,LOC100506470,GCCCACTCAACCGTTGCTGGGGACTGATTCTTTCAGCTCTACATAGAATTCAAGAACTAT,lncRNA,PRJNA163315,A/California/04/09 (H1N1) vs. mock infection,Calu-3,A/California/04/09 (H1N1),3,7,NA,NA,NA,NA,NA,NA,NA,NA
100506470,LOC100506470,GCCCACTCAACCGTTGCTGGGGACTGATTCTTTCAGCTCTACATAGAATTCAAGAACTAT,lncRNA,PRJNA175069,A/California/04/09 (H1N1) vs. mock infection,Calu-3,A/California/04/09 (H1N1),3,0,NA,NA,NA,NA,NA,NA,NA,NA
100506470,LOC100506470,GCCCACTCAACCGTTGCTGGGGACTGATTCTTTCAGCTCTACATAGAATTCAAGAACTAT,lncRNA,PRJNA175069,A/California/04/09 (H1N1) vs. mock infection,Calu-3,A/California/04/09 (H1N1),3,12,NA,NA,NA,NA,NA,NA,NA,NA
100506470,LOC100506470,GCCCACTCAACCGTTGCTGGGGACTGATTCTTTCAGCTCTACATAGAATTCAAGAACTAT,lncRNA,PRJNA175069,A/California/04/09 (H1N1) vs. mock infection,Calu-3,A/California/04/09 (H1N1),3,24,NA,NA,NA,NA,NA,NA,NA,NA
100506470,LOC100506470,GCCCACTCAACCGTTGCTGGGGACTGATTCTTTCAGCTCTACATAGAATTCAAGAACTAT,lncRNA,PRJNA175069,A/California/04/09 (H1N1) vs. mock infection,Calu-3,A/California/04/09 (H1N1),3,48,NA,NA,NA,NA,NA,NA,NA,NA
100506470,LOC100506470,GCCCACTCAACCGTTGCTGGGGACTGATTCTTTCAGCTCTACATAGAATTCAAGAACTAT,lncRNA,PRJNA175069,A/Netherlands/602/2009 (H1N1) vs. mock infection,Calu-3,A/Netherlands/602/2009 (H1N1),3,0,NA,NA,NA,NA,NA,NA,NA,NA
100506470,LOC100506470,GCCCACTCAACCGTTGCTGGGGACTGATTCTTTCAGCTCTACATAGAATTCAAGAACTAT,lncRNA,PRJNA175069,A/Netherlands/602/2009 (H1N1) vs. mock infection,Calu-3,A/Netherlands/602/2009 (H1N1),3,12,NA,NA,NA,NA,NA,NA,NA,NA
100506470,LOC100506470,GCCCACTCAACCGTTGCTGGGGACTGATTCTTTCAGCTCTACATAGAATTCAAGAACTAT,lncRNA,PRJNA175069,A/Netherlands/602/2009 (H1N1) vs. mock infection,Calu-3,A/Netherlands/602/2009 (H1N1),3,18,NA,NA,NA,NA,NA,NA,NA,NA
100506470,LOC100506470,GCCCACTCAACCGTTGCTGGGGACTGATTCTTTCAGCTCTACATAGAATTCAAGAACTAT,lncRNA,PRJNA175069,A/Netherlands/602/2009 (H1N1) vs. mock infection,Calu-3,A/Netherlands/602/2009 (H1N1),3,24,NA,NA,NA,NA,NA,NA,NA,NA
100506470,LOC100506470,GCCCACTCAACCGTTGCTGGGGACTGATTCTTTCAGCTCTACATAGAATTCAAGAACTAT,lncRNA,PRJNA175069,A/Netherlands/602/2009 (H1N1) vs. mock infection,Calu-3,A/Netherlands/602/2009 (H1N1),3,30,NA,NA,NA,NA,NA,NA,NA,NA
100506470,LOC100506470,GCCCACTCAACCGTTGCTGGGGACTGATTCTTTCAGCTCTACATAGAATTCAAGAACTAT,lncRNA,PRJNA175069,A/Netherlands/602/2009 (H1N1) vs. mock infection,Calu-3,A/Netherlands/602/2009 (H1N1),3,36,NA,NA,NA,NA,NA,NA,NA,NA
100506470,LOC100506470,GCCCACTCAACCGTTGCTGGGGACTGATTCTTTCAGCTCTACATAGAATTCAAGAACTAT,lncRNA,PRJNA175069,A/Netherlands/602/2009 (H1N1) vs. mock infection,Calu-3,A/Netherlands/602/2009 (H1N1),3,3,NA,NA,NA,NA,NA,NA,NA,NA
100506470,LOC100506470,GCCCACTCAACCGTTGCTGGGGACTGATTCTTTCAGCTCTACATAGAATTCAAGAACTAT,lncRNA,PRJNA175069,A/Netherlands/602/2009 (H1N1) vs. mock infection,Calu-3,A/Netherlands/602/2009 (H1N1),3,48,NA,NA,NA,NA,NA,NA,NA,NA
100506470,LOC100506470,GCCCACTCAACCGTTGCTGGGGACTGATTCTTTCAGCTCTACATAGAATTCAAGAACTAT,lncRNA,PRJNA175069,A/Netherlands/602/2009 (H1N1) vs. mock infection,Calu-3,A/Netherlands/602/2009 (H1N1),3,7,NA,NA,NA,NA,NA,NA,NA,NA
NA,LOC100506470,AGAACTATATTTGGATCTGCTTCAGAGCAGTAATCCCCACAGCCTTAAAACATGCAAAAT,NA,PRJNA215073,A/Anhui/01/2013 (H7N9) vs. mock infection,Calu-3,A/Anhui/01/2013 (H7N9),1,12,NA,NA,NA,NA,NA,NA,NA,NA
NA,LOC100506470,AGAACTATATTTGGATCTGCTTCAGAGCAGTAATCCCCACAGCCTTAAAACATGCAAAAT,NA,PRJNA215073,A/Anhui/01/2013 (H7N9) vs. mock infection,Calu-3,A/Anhui/01/2013 (H7N9),1,24,NA,NA,NA,NA,NA,NA,NA,NA
NA,LOC100506470,AGAACTATATTTGGATCTGCTTCAGAGCAGTAATCCCCACAGCCTTAAAACATGCAAAAT,NA,PRJNA215073,A/Anhui/01/2013 (H7N9) vs. mock infection,Calu-3,A/Anhui/01/2013 (H7N9),1,3,NA,NA,NA,NA,NA,NA,NA,NA
NA,LOC100506470,AGAACTATATTTGGATCTGCTTCAGAGCAGTAATCCCCACAGCCTTAAAACATGCAAAAT,NA,PRJNA215073,A/Anhui/01/2013 (H7N9) vs. mock infection,Calu-3,A/Anhui/01/2013 (H7N9),1,7,NA,NA,NA,NA,NA,NA,NA,NA
NA,LOC100506470,AGAACTATATTTGGATCTGCTTCAGAGCAGTAATCCCCACAGCCTTAAAACATGCAAAAT,NA,PRJNA215073,A/Netherland/219/2003 (H7N7) vs. mock infection,Calu-3,A/Netherland/219/2003 (H7N7),1,12,NA,NA,NA,NA,NA,NA,NA,NA
NA,LOC100506470,AGAACTATATTTGGATCTGCTTCAGAGCAGTAATCCCCACAGCCTTAAAACATGCAAAAT,NA,PRJNA215073,A/Netherland/219/2003 (H7N7) vs. mock infection,Calu-3,A/Netherland/219/2003 (H7N7),1,24,NA,NA,NA,NA,NA,NA,NA,NA
NA,LOC100506470,AGAACTATATTTGGATCTGCTTCAGAGCAGTAATCCCCACAGCCTTAAAACATGCAAAAT,NA,PRJNA215073,A/Netherland/219/2003 (H7N7) vs. mock infection,Calu-3,A/Netherland/219/2003 (H7N7),1,3,NA,NA,NA,NA,NA,NA,NA,NA
NA,LOC100506470,AGAACTATATTTGGATCTGCTTCAGAGCAGTAATCCCCACAGCCTTAAAACATGCAAAAT,NA,PRJNA215073,A/Netherland/219/2003 (H7N7) vs. mock infection,Calu-3,A/Netherland/219/2003 (H7N7),1,7,NA,NA,NA,NA,NA,NA,NA,NA
NA,LOC100506470,AGAACTATATTTGGATCTGCTTCAGAGCAGTAATCCCCACAGCCTTAAAACATGCAAAAT,NA,PRJNA215073,A/Vietnam/1203/2004 (H5N1) vs. mock infection,Calu-3,A/Vietnam/1203/2004 (H5N1),1,12,NA,NA,NA,NA,NA,NA,NA,NA
NA,LOC100506470,AGAACTATATTTGGATCTGCTTCAGAGCAGTAATCCCCACAGCCTTAAAACATGCAAAAT,NA,PRJNA215073,A/Vietnam/1203/2004 (H5N1) vs. mock infection,Calu-3,A/Vietnam/1203/2004 (H5N1),1,24,NA,NA,NA,NA,NA,NA,NA,NA
NA,LOC100506470,AGAACTATATTTGGATCTGCTTCAGAGCAGTAATCCCCACAGCCTTAAAACATGCAAAAT,NA,PRJNA215073,A/Vietnam/1203/2004 (H5N1) vs. mock infection,Calu-3,A/Vietnam/1203/2004 (H5N1),1,3,NA,NA,NA,NA,NA,NA,NA,NA
NA,LOC100506470,AGAACTATATTTGGATCTGCTTCAGAGCAGTAATCCCCACAGCCTTAAAACATGCAAAAT,NA,PRJNA215073,A/Vietnam/1203/2004 (H5N1) vs. mock infection,Calu-3,A/Vietnam/1203/2004 (H5N1),1,7,NA,NA,NA,NA,NA,NA,NA,NA
NA,LOC100506470,AGAACTATATTTGGATCTGCTTCAGAGCAGTAATCCCCACAGCCTTAAAACATGCAAAAT,NA,PRJNA215073,A/Panama/2007/1999 (H3N2) vs. mock infection,Calu-3,A/Panama/2007/1999 (H3N2),1,12,NA,NA,NA,NA,NA,NA,NA,NA
NA,LOC100506470,AGAACTATATTTGGATCTGCTTCAGAGCAGTAATCCCCACAGCCTTAAAACATGCAAAAT,NA,PRJNA215073,A/Panama/2007/1999 (H3N2) vs. mock infection,Calu-3,A/Panama/2007/1999 (H3N2),1,24,NA,NA,NA,NA,NA,NA,NA,NA
NA,LOC100506470,AGAACTATATTTGGATCTGCTTCAGAGCAGTAATCCCCACAGCCTTAAAACATGCAAAAT,NA,PRJNA215073,A/Panama/2007/1999 (H3N2) vs. mock infection,Calu-3,A/Panama/2007/1999 (H3N2),1,3,NA,NA,NA,NA,NA,NA,NA,NA
NA,LOC100506470,AGAACTATATTTGGATCTGCTTCAGAGCAGTAATCCCCACAGCCTTAAAACATGCAAAAT,NA,PRJNA215073,A/Panama/2007/1999 (H3N2) vs. mock infection,Calu-3,A/Panama/2007/1999 (H3N2),1,7,NA,NA,NA,NA,NA,NA,NA,NA
