entrezID,gene_symbol,probe_seq,biotype,bioproject,res_design,host_type,virus_strain,M.O.I,H.P.I,log2FoldChange,t,B,pvalue,padj,baseMean,lfcSE,stat
401612,MCART6,CAGCTCAAACATTTATCATTTCTTTGCATTGGGAACATTCCAAATCTTCTCTTCTAGCTA,protein_coding,PRJNA215073,A/Anhui/01/2013 (H7N9) vs. mock infection,Calu-3,A/Anhui/01/2013 (H7N9),1,12,0.433849485000001,2.32559967302666,-5.32770440270945,0.0467516569473742,0.0966723042262977,NA,NA,NA
401612,MCART6,CAGCTCAAACATTTATCATTTCTTTGCATTGGGAACATTCCAAATCTTCTCTTCTAGCTA,protein_coding,PRJNA215073,A/Anhui/01/2013 (H7N9) vs. mock infection,Calu-3,A/Anhui/01/2013 (H7N9),1,24,1.3066478855,3.3673798889921,-4.00114646148352,0.00947638082844834,0.0143269846944227,NA,NA,NA
401612,MCART6,CAGCTCAAACATTTATCATTTCTTTGCATTGGGAACATTCCAAATCTTCTCTTCTAGCTA,protein_coding,PRJNA215073,A/Anhui/01/2013 (H7N9) vs. mock infection,Calu-3,A/Anhui/01/2013 (H7N9),1,3,-0.142954292249999,-0.508075549884906,-6.78444853288924,0.624446302854112,0.776294204415673,NA,NA,NA
401612,MCART6,CAGCTCAAACATTTATCATTTCTTTGCATTGGGAACATTCCAAATCTTCTCTTCTAGCTA,protein_coding,PRJNA215073,A/Anhui/01/2013 (H7N9) vs. mock infection,Calu-3,A/Anhui/01/2013 (H7N9),1,7,-0.131113581249998,-0.321970171549673,-6.71468139378371,0.755647094098861,0.881843430792605,NA,NA,NA
401612,MCART6,CAGCTCAAACATTTATCATTTCTTTGCATTGGGAACATTCCAAATCTTCTCTTCTAGCTA,protein_coding,PRJNA215073,A/Netherland/219/2003 (H7N7) vs. mock infection,Calu-3,A/Netherland/219/2003 (H7N7),1,12,0.921864964000001,2.24601104248209,-5.24945883399461,0.0542392513174723,0.121289981422957,NA,NA,NA
401612,MCART6,CAGCTCAAACATTTATCATTTCTTTGCATTGGGAACATTCCAAATCTTCTCTTCTAGCTA,protein_coding,PRJNA215073,A/Netherland/219/2003 (H7N7) vs. mock infection,Calu-3,A/Netherland/219/2003 (H7N7),1,24,2.01911825925,4.35787579726103,-2.48633727050375,0.00269817646780517,0.00447034459277457,NA,NA,NA
401612,MCART6,CAGCTCAAACATTTATCATTTCTTTGCATTGGGAACATTCCAAATCTTCTCTTCTAGCTA,protein_coding,PRJNA215073,A/Netherland/219/2003 (H7N7) vs. mock infection,Calu-3,A/Netherland/219/2003 (H7N7),1,3,-0.2803568,-1.072641,-6.570347,0.3140384,0.4423219,NA,NA,NA
401612,MCART6,CAGCTCAAACATTTATCATTTCTTTGCATTGGGAACATTCCAAATCTTCTCTTCTAGCTA,protein_coding,PRJNA215073,A/Netherland/219/2003 (H7N7) vs. mock infection,Calu-3,A/Netherland/219/2003 (H7N7),1,7,0.363414947500001,1.38122595369952,-5.84663685655203,0.203764935130697,0.452970298852401,NA,NA,NA
401612,MCART6,CAGCTCAAACATTTATCATTTCTTTGCATTGGGAACATTCCAAATCTTCTCTTCTAGCTA,protein_coding,PRJNA215073,A/Vietnam/1203/2004 (H5N1) vs. mock infection,Calu-3,A/Vietnam/1203/2004 (H5N1),1,12,0.1579695305,0.952825558159084,-6.89016656835746,0.367630589937386,0.554266555842473,NA,NA,NA
401612,MCART6,CAGCTCAAACATTTATCATTTCTTTGCATTGGGAACATTCCAAATCTTCTCTTCTAGCTA,protein_coding,PRJNA215073,A/Vietnam/1203/2004 (H5N1) vs. mock infection,Calu-3,A/Vietnam/1203/2004 (H5N1),1,24,2.23821177,4.15245020970817,-2.76117328102443,0.00334725424567392,0.00525026899328116,NA,NA,NA
401612,MCART6,CAGCTCAAACATTTATCATTTCTTTGCATTGGGAACATTCCAAATCTTCTCTTCTAGCTA,protein_coding,PRJNA215073,A/Vietnam/1203/2004 (H5N1) vs. mock infection,Calu-3,A/Vietnam/1203/2004 (H5N1),1,3,-0.107695057416667,-0.347315756792809,-7.08369033167391,0.738511086860501,0.849612551051655,NA,NA,NA
401612,MCART6,CAGCTCAAACATTTATCATTTCTTTGCATTGGGAACATTCCAAATCTTCTCTTCTAGCTA,protein_coding,PRJNA215073,A/Vietnam/1203/2004 (H5N1) vs. mock infection,Calu-3,A/Vietnam/1203/2004 (H5N1),1,7,0.13612391975,0.465280908400289,-5.42872320239128,0.65353330017334,0.894717483418408,NA,NA,NA
401612,MCART6,CAGCTCAAACATTTATCATTTCTTTGCATTGGGAACATTCCAAATCTTCTCTTCTAGCTA,protein_coding,PRJNA215073,A/Panama/2007/1999 (H3N2) vs. mock infection,Calu-3,A/Panama/2007/1999 (H3N2),1,12,1.29568026375,6.06797754267973,-0.248367784353946,0.000277743202755903,0.00134641288240267,NA,NA,NA
401612,MCART6,CAGCTCAAACATTTATCATTTCTTTGCATTGGGAACATTCCAAATCTTCTCTTCTAGCTA,protein_coding,PRJNA215073,A/Panama/2007/1999 (H3N2) vs. mock infection,Calu-3,A/Panama/2007/1999 (H3N2),1,24,1.47686190975,3.80637062369576,-3.21959724018667,0.00514930585384038,0.01034049887677,NA,NA,NA
401612,MCART6,CAGCTCAAACATTTATCATTTCTTTGCATTGGGAACATTCCAAATCTTCTCTTCTAGCTA,protein_coding,PRJNA215073,A/Panama/2007/1999 (H3N2) vs. mock infection,Calu-3,A/Panama/2007/1999 (H3N2),1,3,-0.12502177375,-0.394453505119545,-6.89030789139713,0.704723420444566,0.818481059634696,NA,NA,NA
401612,MCART6,CAGCTCAAACATTTATCATTTCTTTGCATTGGGAACATTCCAAATCTTCTCTTCTAGCTA,protein_coding,PRJNA215073,A/Panama/2007/1999 (H3N2) vs. mock infection,Calu-3,A/Panama/2007/1999 (H3N2),1,7,0.775280775250001,2.8562925819728,-3.71834829607625,0.0206273636651998,0.101468530206392,NA,NA,NA
