entrezID,gene_symbol,probe_seq,biotype,bioproject,res_design,host_type,virus_strain,M.O.I,H.P.I,log2FoldChange,t,B,pvalue,padj,baseMean,lfcSE,stat
285641,SLC36A3,AGCCCTCCTGGAGATCGTCATCTTTTACTCTGAGGACATGAGCTGTGTCACCATTGCCAA,protein_coding,PRJNA139513,A/Vietnam/1203/2004(H5N1) vs. mock infection,Calu-3,A/Vietnam/1203/2004(H5N1),1,0,0.111199892333333,0.877551484638872,-5.20090864644043,0.414930071448623,0.830366575147708,NA,NA,NA
285641,SLC36A3,AGCCCTCCTGGAGATCGTCATCTTTTACTCTGAGGACATGAGCTGTGTCACCATTGCCAA,protein_coding,PRJNA139513,A/Vietnam/1203/2004(H5N1) vs. mock infection,Calu-3,A/Vietnam/1203/2004(H5N1),1,12,0.478509374000001,2.18873077616716,-5.53906710057374,0.0715057978356042,0.126423239738212,NA,NA,NA
285641,SLC36A3,AGCCCTCCTGGAGATCGTCATCTTTTACTCTGAGGACATGAGCTGTGTCACCATTGCCAA,protein_coding,PRJNA139513,A/Vietnam/1203/2004(H5N1) vs. mock infection,Calu-3,A/Vietnam/1203/2004(H5N1),1,18,1.29029149766667,4.06380832395197,-2.60776068522656,0.00629296253396161,0.0196686867883813,NA,NA,NA
285641,SLC36A3,AGCCCTCCTGGAGATCGTCATCTTTTACTCTGAGGACATGAGCTGTGTCACCATTGCCAA,protein_coding,PRJNA139513,A/Vietnam/1203/2004(H5N1) vs. mock infection,Calu-3,A/Vietnam/1203/2004(H5N1),1,24,2.51728637666667,8.10393706509066,1.2470745919812,0.000168691144583037,0.000844506437176756,NA,NA,NA
285641,SLC36A3,AGCCCTCCTGGAGATCGTCATCTTTTACTCTGAGGACATGAGCTGTGTCACCATTGCCAA,protein_coding,PRJNA139513,A/Vietnam/1203/2004(H5N1) vs. mock infection,Calu-3,A/Vietnam/1203/2004(H5N1),1,3,0.155877456999998,1.28029880653386,-4.68475735635273,0.250914126068344,0.703347177583586,NA,NA,NA
285641,SLC36A3,AGCCCTCCTGGAGATCGTCATCTTTTACTCTGAGGACATGAGCTGTGTCACCATTGCCAA,protein_coding,PRJNA139513,A/Vietnam/1203/2004(H5N1) vs. mock infection,Calu-3,A/Vietnam/1203/2004(H5N1),1,7,0.261452173333334,1.6527807722717,-5.94534900915181,0.151122584825424,0.299911201867778,NA,NA,NA
285641,SLC36A3,AGCCCTCCTGGAGATCGTCATCTTTTACTCTGAGGACATGAGCTGTGTCACCATTGCCAA,protein_coding,PRJNA163315,A/California/04/09 (H1N1) vs. mock infection,Calu-3,A/California/04/09 (H1N1),3,0,0.0341146863333348,0.220302997120985,-6.00885675668256,0.832802492267649,0.940319184182381,NA,NA,NA
285641,SLC36A3,AGCCCTCCTGGAGATCGTCATCTTTTACTCTGAGGACATGAGCTGTGTCACCATTGCCAA,protein_coding,PRJNA163315,A/California/04/09 (H1N1) vs. mock infection,Calu-3,A/California/04/09 (H1N1),3,12,-0.0229403253333356,-0.0817788237212723,-7.87868264055088,0.937483551335751,0.953691425460494,NA,NA,NA
285641,SLC36A3,AGCCCTCCTGGAGATCGTCATCTTTTACTCTGAGGACATGAGCTGTGTCACCATTGCCAA,protein_coding,PRJNA163315,A/California/04/09 (H1N1) vs. mock infection,Calu-3,A/California/04/09 (H1N1),3,18,-0.0986229210000014,-0.564002922030823,-7.62962743835164,0.591597417923088,0.665459719358385,NA,NA,NA
285641,SLC36A3,AGCCCTCCTGGAGATCGTCATCTTTTACTCTGAGGACATGAGCTGTGTCACCATTGCCAA,protein_coding,PRJNA163315,A/California/04/09 (H1N1) vs. mock infection,Calu-3,A/California/04/09 (H1N1),3,24,0.0389803003333329,0.159898622762783,-7.99092150185893,0.878400208943598,0.908228523612721,NA,NA,NA
285641,SLC36A3,AGCCCTCCTGGAGATCGTCATCTTTTACTCTGAGGACATGAGCTGTGTCACCATTGCCAA,protein_coding,PRJNA163315,A/California/04/09 (H1N1) vs. mock infection,Calu-3,A/California/04/09 (H1N1),3,30,-0.0589846353333359,-0.382677442486355,-8.08855266024577,0.71551424128049,0.763813702909667,NA,NA,NA
285641,SLC36A3,AGCCCTCCTGGAGATCGTCATCTTTTACTCTGAGGACATGAGCTGTGTCACCATTGCCAA,protein_coding,PRJNA163315,A/California/04/09 (H1N1) vs. mock infection,Calu-3,A/California/04/09 (H1N1),3,36,-0.112962857333333,-0.375033324866417,-7.60166195523996,0.720894822866377,0.799822921354517,NA,NA,NA
285641,SLC36A3,AGCCCTCCTGGAGATCGTCATCTTTTACTCTGAGGACATGAGCTGTGTCACCATTGCCAA,protein_coding,PRJNA163315,A/California/04/09 (H1N1) vs. mock infection,Calu-3,A/California/04/09 (H1N1),3,3,0.336604238333333,3.48499087037694,-2.87906622808568,0.0121332872724536,0.999999999999963,NA,NA,NA
285641,SLC36A3,AGCCCTCCTGGAGATCGTCATCTTTTACTCTGAGGACATGAGCTGTGTCACCATTGCCAA,protein_coding,PRJNA163315,A/California/04/09 (H1N1) vs. mock infection,Calu-3,A/California/04/09 (H1N1),3,48,-0.193248337333333,-0.800485301280808,-7.22510362418282,0.454451157698947,0.565280931219478,NA,NA,NA
285641,SLC36A3,AGCCCTCCTGGAGATCGTCATCTTTTACTCTGAGGACATGAGCTGTGTCACCATTGCCAA,protein_coding,PRJNA163315,A/California/04/09 (H1N1) vs. mock infection,Calu-3,A/California/04/09 (H1N1),3,7,-0.357968660333335,-1.90779788660569,-6.00667881777699,0.104123492725423,0.228504239785941,NA,NA,NA
285641,SLC36A3,AGCCCTCCTGGAGATCGTCATCTTTTACTCTGAGGACATGAGCTGTGTCACCATTGCCAA,protein_coding,PRJNA175069,A/California/04/09 (H1N1) vs. mock infection,Calu-3,A/California/04/09 (H1N1),3,0,0.106451232,0.326015251882872,-5.83618414748685,0.755944154190927,0.96940146432186,NA,NA,NA
285641,SLC36A3,AGCCCTCCTGGAGATCGTCATCTTTTACTCTGAGGACATGAGCTGTGTCACCATTGCCAA,protein_coding,PRJNA175069,A/California/04/09 (H1N1) vs. mock infection,Calu-3,A/California/04/09 (H1N1),3,12,0.175360762333335,1.31369010625065,-6.53693689293846,0.236785993987831,0.326797839852582,NA,NA,NA
285641,SLC36A3,AGCCCTCCTGGAGATCGTCATCTTTTACTCTGAGGACATGAGCTGTGTCACCATTGCCAA,protein_coding,PRJNA175069,A/California/04/09 (H1N1) vs. mock infection,Calu-3,A/California/04/09 (H1N1),3,24,-0.291945972666666,-2.09164551957442,-6.02306367313007,0.0812006443235878,0.148774439317417,NA,NA,NA
285641,SLC36A3,AGCCCTCCTGGAGATCGTCATCTTTTACTCTGAGGACATGAGCTGTGTCACCATTGCCAA,protein_coding,PRJNA175069,A/California/04/09 (H1N1) vs. mock infection,Calu-3,A/California/04/09 (H1N1),3,48,-0.188257625333334,-1.11844795457278,-7.0241423803418,0.305060950174169,0.433310178766544,NA,NA,NA
285641,SLC36A3,AGCCCTCCTGGAGATCGTCATCTTTTACTCTGAGGACATGAGCTGTGTCACCATTGCCAA,protein_coding,PRJNA175069,A/Netherlands/602/2009 (H1N1) vs. mock infection,Calu-3,A/Netherlands/602/2009 (H1N1),3,0,-0.204447966666667,-0.819492878719078,-5.71425757957657,0.444513365998196,0.798199582150376,NA,NA,NA
285641,SLC36A3,AGCCCTCCTGGAGATCGTCATCTTTTACTCTGAGGACATGAGCTGTGTCACCATTGCCAA,protein_coding,PRJNA175069,A/Netherlands/602/2009 (H1N1) vs. mock infection,Calu-3,A/Netherlands/602/2009 (H1N1),3,12,-0.0904906200000015,-0.413454561301784,-7.03561965551446,0.693647438830746,0.803824919690781,NA,NA,NA
285641,SLC36A3,AGCCCTCCTGGAGATCGTCATCTTTTACTCTGAGGACATGAGCTGTGTCACCATTGCCAA,protein_coding,PRJNA175069,A/Netherlands/602/2009 (H1N1) vs. mock infection,Calu-3,A/Netherlands/602/2009 (H1N1),3,18,-0.202073478000002,-0.957213887624641,-6.92693286877841,0.374063024183389,0.602432026512758,NA,NA,NA
285641,SLC36A3,AGCCCTCCTGGAGATCGTCATCTTTTACTCTGAGGACATGAGCTGTGTCACCATTGCCAA,protein_coding,PRJNA175069,A/Netherlands/602/2009 (H1N1) vs. mock infection,Calu-3,A/Netherlands/602/2009 (H1N1),3,24,-0.407920130000002,-1.63914073896743,-6.37669675752254,0.152351779181796,0.277191523015707,NA,NA,NA
285641,SLC36A3,AGCCCTCCTGGAGATCGTCATCTTTTACTCTGAGGACATGAGCTGTGTCACCATTGCCAA,protein_coding,PRJNA175069,A/Netherlands/602/2009 (H1N1) vs. mock infection,Calu-3,A/Netherlands/602/2009 (H1N1),3,30,0.560615287333334,3.70985107429841,-3.77113895693608,0.0102380259697896,0.0229543343383572,NA,NA,NA
285641,SLC36A3,AGCCCTCCTGGAGATCGTCATCTTTTACTCTGAGGACATGAGCTGTGTCACCATTGCCAA,protein_coding,PRJNA175069,A/Netherlands/602/2009 (H1N1) vs. mock infection,Calu-3,A/Netherlands/602/2009 (H1N1),3,36,0.213718012333332,0.834922593722524,-7.60193733894445,0.436878871748896,0.523290176035745,NA,NA,NA
285641,SLC36A3,AGCCCTCCTGGAGATCGTCATCTTTTACTCTGAGGACATGAGCTGTGTCACCATTGCCAA,protein_coding,PRJNA175069,A/Netherlands/602/2009 (H1N1) vs. mock infection,Calu-3,A/Netherlands/602/2009 (H1N1),3,3,-0.154852079333335,-0.749646616869135,-5.48322830859113,0.481384261941173,0.9281900965029,NA,NA,NA
285641,SLC36A3,AGCCCTCCTGGAGATCGTCATCTTTTACTCTGAGGACATGAGCTGTGTCACCATTGCCAA,protein_coding,PRJNA175069,A/Netherlands/602/2009 (H1N1) vs. mock infection,Calu-3,A/Netherlands/602/2009 (H1N1),3,48,-0.447421514666667,-2.12391666616179,-5.7261368808104,0.076124358742537,0.147013958896852,NA,NA,NA
285641,SLC36A3,AGCCCTCCTGGAGATCGTCATCTTTTACTCTGAGGACATGAGCTGTGTCACCATTGCCAA,protein_coding,PRJNA175069,A/Netherlands/602/2009 (H1N1) vs. mock infection,Calu-3,A/Netherlands/602/2009 (H1N1),3,7,0.199206577333334,0.756972051497437,-5.66973375957522,0.476954231122704,0.676908222052447,NA,NA,NA
285641,SLC36A3,TTGTCATCATCCTCTATATCTTACTGGGGACACTGGGCTACATGAAGTTTGGGTCAGACA,protein_coding,PRJNA215073,A/Anhui/01/2013 (H7N9) vs. mock infection,Calu-3,A/Anhui/01/2013 (H7N9),1,12,NA,NA,NA,NA,NA,NA,NA,NA
285641,SLC36A3,TTGTCATCATCCTCTATATCTTACTGGGGACACTGGGCTACATGAAGTTTGGGTCAGACA,protein_coding,PRJNA215073,A/Anhui/01/2013 (H7N9) vs. mock infection,Calu-3,A/Anhui/01/2013 (H7N9),1,24,NA,NA,NA,NA,NA,NA,NA,NA
285641,SLC36A3,TTGTCATCATCCTCTATATCTTACTGGGGACACTGGGCTACATGAAGTTTGGGTCAGACA,protein_coding,PRJNA215073,A/Anhui/01/2013 (H7N9) vs. mock infection,Calu-3,A/Anhui/01/2013 (H7N9),1,3,NA,NA,NA,NA,NA,NA,NA,NA
285641,SLC36A3,TTGTCATCATCCTCTATATCTTACTGGGGACACTGGGCTACATGAAGTTTGGGTCAGACA,protein_coding,PRJNA215073,A/Anhui/01/2013 (H7N9) vs. mock infection,Calu-3,A/Anhui/01/2013 (H7N9),1,7,NA,NA,NA,NA,NA,NA,NA,NA
285641,SLC36A3,TTGTCATCATCCTCTATATCTTACTGGGGACACTGGGCTACATGAAGTTTGGGTCAGACA,protein_coding,PRJNA215073,A/Netherland/219/2003 (H7N7) vs. mock infection,Calu-3,A/Netherland/219/2003 (H7N7),1,12,NA,NA,NA,NA,NA,NA,NA,NA
285641,SLC36A3,TTGTCATCATCCTCTATATCTTACTGGGGACACTGGGCTACATGAAGTTTGGGTCAGACA,protein_coding,PRJNA215073,A/Netherland/219/2003 (H7N7) vs. mock infection,Calu-3,A/Netherland/219/2003 (H7N7),1,24,NA,NA,NA,NA,NA,NA,NA,NA
285641,SLC36A3,TTGTCATCATCCTCTATATCTTACTGGGGACACTGGGCTACATGAAGTTTGGGTCAGACA,protein_coding,PRJNA215073,A/Netherland/219/2003 (H7N7) vs. mock infection,Calu-3,A/Netherland/219/2003 (H7N7),1,3,NA,NA,NA,NA,NA,NA,NA,NA
285641,SLC36A3,TTGTCATCATCCTCTATATCTTACTGGGGACACTGGGCTACATGAAGTTTGGGTCAGACA,protein_coding,PRJNA215073,A/Netherland/219/2003 (H7N7) vs. mock infection,Calu-3,A/Netherland/219/2003 (H7N7),1,7,NA,NA,NA,NA,NA,NA,NA,NA
285641,SLC36A3,TTGTCATCATCCTCTATATCTTACTGGGGACACTGGGCTACATGAAGTTTGGGTCAGACA,protein_coding,PRJNA215073,A/Vietnam/1203/2004 (H5N1) vs. mock infection,Calu-3,A/Vietnam/1203/2004 (H5N1),1,12,NA,NA,NA,NA,NA,NA,NA,NA
285641,SLC36A3,TTGTCATCATCCTCTATATCTTACTGGGGACACTGGGCTACATGAAGTTTGGGTCAGACA,protein_coding,PRJNA215073,A/Vietnam/1203/2004 (H5N1) vs. mock infection,Calu-3,A/Vietnam/1203/2004 (H5N1),1,24,NA,NA,NA,NA,NA,NA,NA,NA
285641,SLC36A3,TTGTCATCATCCTCTATATCTTACTGGGGACACTGGGCTACATGAAGTTTGGGTCAGACA,protein_coding,PRJNA215073,A/Vietnam/1203/2004 (H5N1) vs. mock infection,Calu-3,A/Vietnam/1203/2004 (H5N1),1,3,NA,NA,NA,NA,NA,NA,NA,NA
285641,SLC36A3,TTGTCATCATCCTCTATATCTTACTGGGGACACTGGGCTACATGAAGTTTGGGTCAGACA,protein_coding,PRJNA215073,A/Vietnam/1203/2004 (H5N1) vs. mock infection,Calu-3,A/Vietnam/1203/2004 (H5N1),1,7,NA,NA,NA,NA,NA,NA,NA,NA
285641,SLC36A3,TTGTCATCATCCTCTATATCTTACTGGGGACACTGGGCTACATGAAGTTTGGGTCAGACA,protein_coding,PRJNA215073,A/Panama/2007/1999 (H3N2) vs. mock infection,Calu-3,A/Panama/2007/1999 (H3N2),1,12,NA,NA,NA,NA,NA,NA,NA,NA
285641,SLC36A3,TTGTCATCATCCTCTATATCTTACTGGGGACACTGGGCTACATGAAGTTTGGGTCAGACA,protein_coding,PRJNA215073,A/Panama/2007/1999 (H3N2) vs. mock infection,Calu-3,A/Panama/2007/1999 (H3N2),1,24,NA,NA,NA,NA,NA,NA,NA,NA
285641,SLC36A3,TTGTCATCATCCTCTATATCTTACTGGGGACACTGGGCTACATGAAGTTTGGGTCAGACA,protein_coding,PRJNA215073,A/Panama/2007/1999 (H3N2) vs. mock infection,Calu-3,A/Panama/2007/1999 (H3N2),1,3,NA,NA,NA,NA,NA,NA,NA,NA
285641,SLC36A3,TTGTCATCATCCTCTATATCTTACTGGGGACACTGGGCTACATGAAGTTTGGGTCAGACA,protein_coding,PRJNA215073,A/Panama/2007/1999 (H3N2) vs. mock infection,Calu-3,A/Panama/2007/1999 (H3N2),1,7,NA,NA,NA,NA,NA,NA,NA,NA
285641,SLC36A3,NA,protein_coding,PRJNA557257,A/Panama/2007/1999 (H3N2) vs. mock infection,lung explants,A/Panama/2007/1999 (H3N2),1E5 PFU/mL,24,1.07600358199426,NA,NA,0.40117232861768,0.99776532938064,0.472917007573066,1.28167477082946,0.839529345886948
285641,SLC36A3,NA,protein_coding,PRJNA559077,A/swine/Zhejiang/04 (H3N2) vs. mock infection,A549,A/swine/Zhejiang/04 (H3N2),10,24,4.3061367415647,NA,NA,1.85597813250989e-08,7.10858671277164e-08,27.4707213122645,0.765546795535611,5.62491642140822
285641,SLC36A3,NA,protein_coding,PRJNA559077,A/Hangzhou/1/2013 (H7N9) vs. mock infection,A549,A/Hangzhou/1/2013 (H7N9),10,24,1.46616095833089,NA,NA,0.0674135600353492,0.148942434658236,27.4707213122645,0.801659711473043,1.82890687575759
285641,SLC36A3,NA,protein_coding,PRJNA667475,A/WSN/1933 (H1N1) vs. mock infection,A549,A/WSN/1933 (H1N1),0.02,24,0.892440331025724,NA,NA,0.826875937216589,0.924806207850071,0.145236584971683,4.0804728567969,0.218710027574175
285641,SLC36A3,NA,protein_coding,PRJNA795161,A/Oklahoma/447/2008 (H1N1) vs. mock infection,human bronchial epithelial cells (HBEC),A/Oklahoma/447/2008 (H1N1),N.A.,48,1.5518238981466,NA,NA,0.66056221585719,0.914831983796644,0.176065548541181,3.53380296008848,0.439137075743394
