entrezID,gene_symbol,probe_seq,biotype,bioproject,res_design,host_type,virus_strain,M.O.I,H.P.I,log2FoldChange,t,B,pvalue,padj,baseMean,lfcSE,stat
401135,SYT14L,TCATGCTGTCTGTGTATAACAAAAGCAGCATGAGAAGAAAGATGATAGGCTGGATTTATT,misc_RNA,PRJNA139513,A/Vietnam/1203/2004(H5N1) vs. mock infection,Calu-3,A/Vietnam/1203/2004(H5N1),1,0,-0.384746867,-1.58416157655493,-4.54436428735135,0.165753986663159,0.7294424432358,NA,NA,NA
401135,SYT14L,TCATGCTGTCTGTGTATAACAAAAGCAGCATGAGAAGAAAGATGATAGGCTGGATTTATT,misc_RNA,PRJNA139513,A/Vietnam/1203/2004(H5N1) vs. mock infection,Calu-3,A/Vietnam/1203/2004(H5N1),1,12,0.494169589666666,1.85707261084106,-6.0010266740574,0.113013876791904,0.184006666014337,NA,NA,NA
401135,SYT14L,TCATGCTGTCTGTGTATAACAAAAGCAGCATGAGAAGAAAGATGATAGGCTGGATTTATT,misc_RNA,PRJNA139513,A/Vietnam/1203/2004(H5N1) vs. mock infection,Calu-3,A/Vietnam/1203/2004(H5N1),1,18,-0.474807381333333,-1.67331567667099,-5.88735171721245,0.144104738610061,0.237181182106605,NA,NA,NA
401135,SYT14L,TCATGCTGTCTGTGTATAACAAAAGCAGCATGAGAAGAAAGATGATAGGCTGGATTTATT,misc_RNA,PRJNA139513,A/Vietnam/1203/2004(H5N1) vs. mock infection,Calu-3,A/Vietnam/1203/2004(H5N1),1,24,0.511642403666666,1.63733560504171,-6.10281085939415,0.151572181888994,0.207345079519832,NA,NA,NA
401135,SYT14L,TCATGCTGTCTGTGTATAACAAAAGCAGCATGAGAAGAAAGATGATAGGCTGGATTTATT,misc_RNA,PRJNA139513,A/Vietnam/1203/2004(H5N1) vs. mock infection,Calu-3,A/Vietnam/1203/2004(H5N1),1,3,0.13271999,0.370678593516516,-5.2468298458184,0.724492150476958,0.911101907044558,NA,NA,NA
401135,SYT14L,TCATGCTGTCTGTGTATAACAAAAGCAGCATGAGAAGAAAGATGATAGGCTGGATTTATT,misc_RNA,PRJNA139513,A/Vietnam/1203/2004(H5N1) vs. mock infection,Calu-3,A/Vietnam/1203/2004(H5N1),1,7,0.0593303656666664,0.238887560946877,-7.21650197078083,0.819402007516286,0.89452527711793,NA,NA,NA
401135,SYT14L,TCATGCTGTCTGTGTATAACAAAAGCAGCATGAGAAGAAAGATGATAGGCTGGATTTATT,misc_RNA,PRJNA163315,A/California/04/09 (H1N1) vs. mock infection,Calu-3,A/California/04/09 (H1N1),3,0,NA,NA,NA,NA,NA,NA,NA,NA
401135,SYT14L,TCATGCTGTCTGTGTATAACAAAAGCAGCATGAGAAGAAAGATGATAGGCTGGATTTATT,misc_RNA,PRJNA163315,A/California/04/09 (H1N1) vs. mock infection,Calu-3,A/California/04/09 (H1N1),3,12,NA,NA,NA,NA,NA,NA,NA,NA
401135,SYT14L,TCATGCTGTCTGTGTATAACAAAAGCAGCATGAGAAGAAAGATGATAGGCTGGATTTATT,misc_RNA,PRJNA163315,A/California/04/09 (H1N1) vs. mock infection,Calu-3,A/California/04/09 (H1N1),3,18,NA,NA,NA,NA,NA,NA,NA,NA
401135,SYT14L,TCATGCTGTCTGTGTATAACAAAAGCAGCATGAGAAGAAAGATGATAGGCTGGATTTATT,misc_RNA,PRJNA163315,A/California/04/09 (H1N1) vs. mock infection,Calu-3,A/California/04/09 (H1N1),3,24,NA,NA,NA,NA,NA,NA,NA,NA
401135,SYT14L,TCATGCTGTCTGTGTATAACAAAAGCAGCATGAGAAGAAAGATGATAGGCTGGATTTATT,misc_RNA,PRJNA163315,A/California/04/09 (H1N1) vs. mock infection,Calu-3,A/California/04/09 (H1N1),3,30,NA,NA,NA,NA,NA,NA,NA,NA
401135,SYT14L,TCATGCTGTCTGTGTATAACAAAAGCAGCATGAGAAGAAAGATGATAGGCTGGATTTATT,misc_RNA,PRJNA163315,A/California/04/09 (H1N1) vs. mock infection,Calu-3,A/California/04/09 (H1N1),3,36,NA,NA,NA,NA,NA,NA,NA,NA
401135,SYT14L,TCATGCTGTCTGTGTATAACAAAAGCAGCATGAGAAGAAAGATGATAGGCTGGATTTATT,misc_RNA,PRJNA163315,A/California/04/09 (H1N1) vs. mock infection,Calu-3,A/California/04/09 (H1N1),3,3,NA,NA,NA,NA,NA,NA,NA,NA
401135,SYT14L,TCATGCTGTCTGTGTATAACAAAAGCAGCATGAGAAGAAAGATGATAGGCTGGATTTATT,misc_RNA,PRJNA163315,A/California/04/09 (H1N1) vs. mock infection,Calu-3,A/California/04/09 (H1N1),3,48,NA,NA,NA,NA,NA,NA,NA,NA
401135,SYT14L,TCATGCTGTCTGTGTATAACAAAAGCAGCATGAGAAGAAAGATGATAGGCTGGATTTATT,misc_RNA,PRJNA163315,A/California/04/09 (H1N1) vs. mock infection,Calu-3,A/California/04/09 (H1N1),3,7,NA,NA,NA,NA,NA,NA,NA,NA
401135,SYT14L,TCATGCTGTCTGTGTATAACAAAAGCAGCATGAGAAGAAAGATGATAGGCTGGATTTATT,misc_RNA,PRJNA175069,A/California/04/09 (H1N1) vs. mock infection,Calu-3,A/California/04/09 (H1N1),3,0,NA,NA,NA,NA,NA,NA,NA,NA
401135,SYT14L,TCATGCTGTCTGTGTATAACAAAAGCAGCATGAGAAGAAAGATGATAGGCTGGATTTATT,misc_RNA,PRJNA175069,A/California/04/09 (H1N1) vs. mock infection,Calu-3,A/California/04/09 (H1N1),3,12,NA,NA,NA,NA,NA,NA,NA,NA
401135,SYT14L,TCATGCTGTCTGTGTATAACAAAAGCAGCATGAGAAGAAAGATGATAGGCTGGATTTATT,misc_RNA,PRJNA175069,A/California/04/09 (H1N1) vs. mock infection,Calu-3,A/California/04/09 (H1N1),3,24,NA,NA,NA,NA,NA,NA,NA,NA
401135,SYT14L,TCATGCTGTCTGTGTATAACAAAAGCAGCATGAGAAGAAAGATGATAGGCTGGATTTATT,misc_RNA,PRJNA175069,A/California/04/09 (H1N1) vs. mock infection,Calu-3,A/California/04/09 (H1N1),3,48,NA,NA,NA,NA,NA,NA,NA,NA
401135,SYT14L,TCATGCTGTCTGTGTATAACAAAAGCAGCATGAGAAGAAAGATGATAGGCTGGATTTATT,misc_RNA,PRJNA175069,A/Netherlands/602/2009 (H1N1) vs. mock infection,Calu-3,A/Netherlands/602/2009 (H1N1),3,0,NA,NA,NA,NA,NA,NA,NA,NA
401135,SYT14L,TCATGCTGTCTGTGTATAACAAAAGCAGCATGAGAAGAAAGATGATAGGCTGGATTTATT,misc_RNA,PRJNA175069,A/Netherlands/602/2009 (H1N1) vs. mock infection,Calu-3,A/Netherlands/602/2009 (H1N1),3,12,NA,NA,NA,NA,NA,NA,NA,NA
401135,SYT14L,TCATGCTGTCTGTGTATAACAAAAGCAGCATGAGAAGAAAGATGATAGGCTGGATTTATT,misc_RNA,PRJNA175069,A/Netherlands/602/2009 (H1N1) vs. mock infection,Calu-3,A/Netherlands/602/2009 (H1N1),3,18,NA,NA,NA,NA,NA,NA,NA,NA
401135,SYT14L,TCATGCTGTCTGTGTATAACAAAAGCAGCATGAGAAGAAAGATGATAGGCTGGATTTATT,misc_RNA,PRJNA175069,A/Netherlands/602/2009 (H1N1) vs. mock infection,Calu-3,A/Netherlands/602/2009 (H1N1),3,24,NA,NA,NA,NA,NA,NA,NA,NA
401135,SYT14L,TCATGCTGTCTGTGTATAACAAAAGCAGCATGAGAAGAAAGATGATAGGCTGGATTTATT,misc_RNA,PRJNA175069,A/Netherlands/602/2009 (H1N1) vs. mock infection,Calu-3,A/Netherlands/602/2009 (H1N1),3,30,NA,NA,NA,NA,NA,NA,NA,NA
401135,SYT14L,TCATGCTGTCTGTGTATAACAAAAGCAGCATGAGAAGAAAGATGATAGGCTGGATTTATT,misc_RNA,PRJNA175069,A/Netherlands/602/2009 (H1N1) vs. mock infection,Calu-3,A/Netherlands/602/2009 (H1N1),3,36,NA,NA,NA,NA,NA,NA,NA,NA
401135,SYT14L,TCATGCTGTCTGTGTATAACAAAAGCAGCATGAGAAGAAAGATGATAGGCTGGATTTATT,misc_RNA,PRJNA175069,A/Netherlands/602/2009 (H1N1) vs. mock infection,Calu-3,A/Netherlands/602/2009 (H1N1),3,3,NA,NA,NA,NA,NA,NA,NA,NA
401135,SYT14L,TCATGCTGTCTGTGTATAACAAAAGCAGCATGAGAAGAAAGATGATAGGCTGGATTTATT,misc_RNA,PRJNA175069,A/Netherlands/602/2009 (H1N1) vs. mock infection,Calu-3,A/Netherlands/602/2009 (H1N1),3,48,NA,NA,NA,NA,NA,NA,NA,NA
401135,SYT14L,TCATGCTGTCTGTGTATAACAAAAGCAGCATGAGAAGAAAGATGATAGGCTGGATTTATT,misc_RNA,PRJNA175069,A/Netherlands/602/2009 (H1N1) vs. mock infection,Calu-3,A/Netherlands/602/2009 (H1N1),3,7,NA,NA,NA,NA,NA,NA,NA,NA
