entrezID,gene_symbol,probe_seq,biotype,bioproject,res_design,host_type,virus_strain,M.O.I,H.P.I,log2FoldChange,t,B,pvalue,padj,baseMean,lfcSE,stat
26019,UPF2,TTGATTTGAGTTTCAGTGTCTCTGAATTGAACATCCCACGTTGGAAGAAGATACATTTGG,protein_coding,PRJNA139513,A/Vietnam/1203/2004(H5N1) vs. mock infection,Calu-3,A/Vietnam/1203/2004(H5N1),1,0,0.140271099999998,1.29704959813552,-4.8341459372904,0.243642248020006,0.761847146438373,NA,NA,NA
26019,UPF2,TTGATTTGAGTTTCAGTGTCTCTGAATTGAACATCCCACGTTGGAAGAAGATACATTTGG,protein_coding,PRJNA139513,A/Vietnam/1203/2004(H5N1) vs. mock infection,Calu-3,A/Vietnam/1203/2004(H5N1),1,12,-1.14557255633334,-6.11929700492258,-0.730358865308613,0.000892059525573915,0.00399601276308432,NA,NA,NA
26019,UPF2,TTGATTTGAGTTTCAGTGTCTCTGAATTGAACATCCCACGTTGGAAGAAGATACATTTGG,protein_coding,PRJNA139513,A/Vietnam/1203/2004(H5N1) vs. mock infection,Calu-3,A/Vietnam/1203/2004(H5N1),1,18,-0.799634717666666,-2.00220572134352,-5.43815198474988,0.0910041817335602,0.165418492015448,NA,NA,NA
26019,UPF2,TTGATTTGAGTTTCAGTGTCTCTGAATTGAACATCCCACGTTGGAAGAAGATACATTTGG,protein_coding,PRJNA139513,A/Vietnam/1203/2004(H5N1) vs. mock infection,Calu-3,A/Vietnam/1203/2004(H5N1),1,24,0.118284018666666,0.353916084580927,-7.31854805710139,0.735244971216402,0.78178067015464,NA,NA,NA
26019,UPF2,TTGATTTGAGTTTCAGTGTCTCTGAATTGAACATCCCACGTTGGAAGAAGATACATTTGG,protein_coding,PRJNA139513,A/Vietnam/1203/2004(H5N1) vs. mock infection,Calu-3,A/Vietnam/1203/2004(H5N1),1,3,0.112262993999997,0.823241930102191,-5.02512179763143,0.444008202032151,0.820873106090596,NA,NA,NA
26019,UPF2,TTGATTTGAGTTTCAGTGTCTCTGAATTGAACATCCCACGTTGGAAGAAGATACATTTGG,protein_coding,PRJNA139513,A/Vietnam/1203/2004(H5N1) vs. mock infection,Calu-3,A/Vietnam/1203/2004(H5N1),1,7,-0.358457578000003,-2.85255878171081,-4.29188906210432,0.0301709929508516,0.0973503756335295,NA,NA,NA
26019,UPF2,TTGATTTGAGTTTCAGTGTCTCTGAATTGAACATCCCACGTTGGAAGAAGATACATTTGG,protein_coding,PRJNA163315,A/California/04/09 (H1N1) vs. mock infection,Calu-3,A/California/04/09 (H1N1),3,0,0.0946522386666624,1.15168865311019,-5.38006020566033,0.29245601493236,0.6572972887359,NA,NA,NA
26019,UPF2,TTGATTTGAGTTTCAGTGTCTCTGAATTGAACATCCCACGTTGGAAGAAGATACATTTGG,protein_coding,PRJNA163315,A/California/04/09 (H1N1) vs. mock infection,Calu-3,A/California/04/09 (H1N1),3,12,-0.170220485333333,-1.70687330372818,-6.49967217963952,0.138738842216172,0.210454625171025,NA,NA,NA
26019,UPF2,TTGATTTGAGTTTCAGTGTCTCTGAATTGAACATCCCACGTTGGAAGAAGATACATTTGG,protein_coding,PRJNA163315,A/California/04/09 (H1N1) vs. mock infection,Calu-3,A/California/04/09 (H1N1),3,18,-0.285287208,-1.77289061322807,-6.33195551687754,0.122629929399348,0.183370528356612,NA,NA,NA
26019,UPF2,TTGATTTGAGTTTCAGTGTCTCTGAATTGAACATCCCACGTTGGAAGAAGATACATTTGG,protein_coding,PRJNA163315,A/California/04/09 (H1N1) vs. mock infection,Calu-3,A/California/04/09 (H1N1),3,24,0.223538418666668,2.15253917551024,-6.01310592738423,0.0765642203726844,0.129392729869875,NA,NA,NA
26019,UPF2,TTGATTTGAGTTTCAGTGTCTCTGAATTGAACATCCCACGTTGGAAGAAGATACATTTGG,protein_coding,PRJNA163315,A/California/04/09 (H1N1) vs. mock infection,Calu-3,A/California/04/09 (H1N1),3,30,0.243212388999996,3.30280568126137,-4.57598168916965,0.0170435910382994,0.0326077247555455,NA,NA,NA
26019,UPF2,TTGATTTGAGTTTCAGTGTCTCTGAATTGAACATCCCACGTTGGAAGAAGATACATTTGG,protein_coding,PRJNA163315,A/California/04/09 (H1N1) vs. mock infection,Calu-3,A/California/04/09 (H1N1),3,36,0.209642815333334,1.42488011527707,-6.6649510976981,0.205438837887351,0.313372218538134,NA,NA,NA
26019,UPF2,TTGATTTGAGTTTCAGTGTCTCTGAATTGAACATCCCACGTTGGAAGAAGATACATTTGG,protein_coding,PRJNA163315,A/California/04/09 (H1N1) vs. mock infection,Calu-3,A/California/04/09 (H1N1),3,3,0.0056986316666654,0.055495976856402,-5.23662981609067,0.957466870700068,0.999999999999963,NA,NA,NA
26019,UPF2,TTGATTTGAGTTTCAGTGTCTCTGAATTGAACATCCCACGTTGGAAGAAGATACATTTGG,protein_coding,PRJNA163315,A/California/04/09 (H1N1) vs. mock infection,Calu-3,A/California/04/09 (H1N1),3,48,0.461366632333333,4.02925186978947,-3.04267715453337,0.00713270235959614,0.0241844361288304,NA,NA,NA
26019,UPF2,TTGATTTGAGTTTCAGTGTCTCTGAATTGAACATCCCACGTTGGAAGAAGATACATTTGG,protein_coding,PRJNA163315,A/California/04/09 (H1N1) vs. mock infection,Calu-3,A/California/04/09 (H1N1),3,7,0.0398441939999996,0.708027570175157,-7.38377221322325,0.505012767212085,0.647403358595543,NA,NA,NA
26019,UPF2,TTGATTTGAGTTTCAGTGTCTCTGAATTGAACATCCCACGTTGGAAGAAGATACATTTGG,protein_coding,PRJNA175069,A/California/04/09 (H1N1) vs. mock infection,Calu-3,A/California/04/09 (H1N1),3,0,-0.0205414749999981,-0.330881270732594,-5.8344822662302,0.752452034836356,0.968834503604293,NA,NA,NA
26019,UPF2,TTGATTTGAGTTTCAGTGTCTCTGAATTGAACATCCCACGTTGGAAGAAGATACATTTGG,protein_coding,PRJNA175069,A/California/04/09 (H1N1) vs. mock infection,Calu-3,A/California/04/09 (H1N1),3,12,-0.214499004333332,-2.0429791225284,-5.57800243438613,0.0869216274452842,0.145777081951886,NA,NA,NA
26019,UPF2,TTGATTTGAGTTTCAGTGTCTCTGAATTGAACATCCCACGTTGGAAGAAGATACATTTGG,protein_coding,PRJNA175069,A/California/04/09 (H1N1) vs. mock infection,Calu-3,A/California/04/09 (H1N1),3,24,-0.348604435333334,-3.75585502104405,-3.70978607124319,0.00936509534508957,0.0294821976364086,NA,NA,NA
26019,UPF2,TTGATTTGAGTTTCAGTGTCTCTGAATTGAACATCCCACGTTGGAAGAAGATACATTTGG,protein_coding,PRJNA175069,A/California/04/09 (H1N1) vs. mock infection,Calu-3,A/California/04/09 (H1N1),3,48,0.072737553000005,0.990381230455818,-7.15671809950836,0.359259311040399,0.488751951342868,NA,NA,NA
26019,UPF2,TTGATTTGAGTTTCAGTGTCTCTGAATTGAACATCCCACGTTGGAAGAAGATACATTTGG,protein_coding,PRJNA175069,A/Netherlands/602/2009 (H1N1) vs. mock infection,Calu-3,A/Netherlands/602/2009 (H1N1),3,0,0.00508298733333312,0.0833459941050122,-6.06182416835792,0.936347298723242,0.983533641878103,NA,NA,NA
26019,UPF2,TTGATTTGAGTTTCAGTGTCTCTGAATTGAACATCCCACGTTGGAAGAAGATACATTTGG,protein_coding,PRJNA175069,A/Netherlands/602/2009 (H1N1) vs. mock infection,Calu-3,A/Netherlands/602/2009 (H1N1),3,12,-0.120835764666666,-1.38263344303326,-6.1722442334481,0.216047359430832,0.382127818552771,NA,NA,NA
26019,UPF2,TTGATTTGAGTTTCAGTGTCTCTGAATTGAACATCCCACGTTGGAAGAAGATACATTTGG,protein_coding,PRJNA175069,A/Netherlands/602/2009 (H1N1) vs. mock infection,Calu-3,A/Netherlands/602/2009 (H1N1),3,18,-0.133439636666667,-1.32150840849298,-6.53132494606592,0.232719136506949,0.462844499356236,NA,NA,NA
26019,UPF2,TTGATTTGAGTTTCAGTGTCTCTGAATTGAACATCCCACGTTGGAAGAAGATACATTTGG,protein_coding,PRJNA175069,A/Netherlands/602/2009 (H1N1) vs. mock infection,Calu-3,A/Netherlands/602/2009 (H1N1),3,24,-0.327489836333333,-3.312720588401,-4.04335282674291,0.0161768722395193,0.0631733904356668,NA,NA,NA
26019,UPF2,TTGATTTGAGTTTCAGTGTCTCTGAATTGAACATCCCACGTTGGAAGAAGATACATTTGG,protein_coding,PRJNA175069,A/Netherlands/602/2009 (H1N1) vs. mock infection,Calu-3,A/Netherlands/602/2009 (H1N1),3,30,-0.150365648999999,-1.90901773228229,-6.25932351618954,0.10556584000692,0.150047560891329,NA,NA,NA
26019,UPF2,TTGATTTGAGTTTCAGTGTCTCTGAATTGAACATCCCACGTTGGAAGAAGATACATTTGG,protein_coding,PRJNA175069,A/Netherlands/602/2009 (H1N1) vs. mock infection,Calu-3,A/Netherlands/602/2009 (H1N1),3,36,-0.0700330093333328,-0.718752590465425,-7.697620531924,0.500282277030714,0.583480999935604,NA,NA,NA
26019,UPF2,TTGATTTGAGTTTCAGTGTCTCTGAATTGAACATCCCACGTTGGAAGAAGATACATTTGG,protein_coding,PRJNA175069,A/Netherlands/602/2009 (H1N1) vs. mock infection,Calu-3,A/Netherlands/602/2009 (H1N1),3,3,0.307397755333332,2.59321007579988,-3.48556602235541,0.0404444346409224,0.915868896050199,NA,NA,NA
26019,UPF2,TTGATTTGAGTTTCAGTGTCTCTGAATTGAACATCCCACGTTGGAAGAAGATACATTTGG,protein_coding,PRJNA175069,A/Netherlands/602/2009 (H1N1) vs. mock infection,Calu-3,A/Netherlands/602/2009 (H1N1),3,48,0.166712246666664,1.79716608738198,-6.18388758650811,0.120566523483362,0.208450680067046,NA,NA,NA
26019,UPF2,TTGATTTGAGTTTCAGTGTCTCTGAATTGAACATCCCACGTTGGAAGAAGATACATTTGG,protein_coding,PRJNA175069,A/Netherlands/602/2009 (H1N1) vs. mock infection,Calu-3,A/Netherlands/602/2009 (H1N1),3,7,-0.0986707953333337,-1.10339327963012,-5.36637322493382,0.311000427005256,0.544288874593191,NA,NA,NA
26019,UPF2,CATAGTAGATGCTTTCCTACAGCAGTTACCCAACTGTGTCAACCGAGATCTGATAGACAA,protein_coding,PRJNA215073,A/Anhui/01/2013 (H7N9) vs. mock infection,Calu-3,A/Anhui/01/2013 (H7N9),1,12,0.231226944250002,2.87139617684036,-4.45032575946553,0.0195800269984703,0.0486511421072538,NA,NA,NA
26019,UPF2,TTGATTTGAGTTTCAGTGTCTCTGAATTGAACATCCCACGTTGGAAGAAGATACATTTGG,protein_coding,PRJNA215073,A/Anhui/01/2013 (H7N9) vs. mock infection,Calu-3,A/Anhui/01/2013 (H7N9),1,12,-0.209094634500001,-1.87048843027611,-6.02649183750688,0.0962501032992109,0.171719864242738,NA,NA,NA
26019,UPF2,CTCACTGCCAAGAAGGAGGTCAGCAAGGCCCCTGAAGACAAGAAGAAGAGACTGGAAGAT,protein_coding,PRJNA215073,A/Anhui/01/2013 (H7N9) vs. mock infection,Calu-3,A/Anhui/01/2013 (H7N9),1,12,0.170160119999998,1.83392854765498,-6.08022081524168,0.101910902319742,0.179756023863529,NA,NA,NA
26019,UPF2,AAGATCCTTAATGTACCCATGTCCTCTCAACTTGCTGCAAATCACTGGAACCAGCAACAG,protein_coding,PRJNA215073,A/Anhui/01/2013 (H7N9) vs. mock infection,Calu-3,A/Anhui/01/2013 (H7N9),1,12,-0.10026285625,-1.26281940308989,-6.84466019991464,0.240279451910939,0.351265959631134,NA,NA,NA
26019,UPF2,TCGCTACCAACATCCGAAGGGAGCACCTAATGCAGATCTAATCTTTAAGACTGGTGGGAG,protein_coding,PRJNA215073,A/Anhui/01/2013 (H7N9) vs. mock infection,Calu-3,A/Anhui/01/2013 (H7N9),1,12,-0.0479551687500024,-0.486982678623627,-7.52905753383987,0.63861256479276,0.733241445288576,NA,NA,NA
26019,UPF2,CTCACTGCCAAGAAGGAGGTCAGCAAGGCCCCTGAAGACAAGAAGAAGAGACTGGAAGAT,protein_coding,PRJNA215073,A/Anhui/01/2013 (H7N9) vs. mock infection,Calu-3,A/Anhui/01/2013 (H7N9),1,24,0.995947022499999,14.806595947684,7.16010537142883,3.3226007493195e-07,2.60010767748426e-06,NA,NA,NA
26019,UPF2,TCGCTACCAACATCCGAAGGGAGCACCTAATGCAGATCTAATCTTTAAGACTGGTGGGAG,protein_coding,PRJNA215073,A/Anhui/01/2013 (H7N9) vs. mock infection,Calu-3,A/Anhui/01/2013 (H7N9),1,24,0.891578179749999,10.441578399843,4.1795523070554,5.1033228212464e-06,2.09239796957091e-05,NA,NA,NA
26019,UPF2,AAGATCCTTAATGTACCCATGTCCTCTCAACTTGCTGCAAATCACTGGAACCAGCAACAG,protein_coding,PRJNA215073,A/Anhui/01/2013 (H7N9) vs. mock infection,Calu-3,A/Anhui/01/2013 (H7N9),1,24,0.883959555750002,7.44197214123957,1.39891609468576,6.43404818850271e-05,0.00017060635770099,NA,NA,NA
26019,UPF2,CATAGTAGATGCTTTCCTACAGCAGTTACCCAACTGTGTCAACCGAGATCTGATAGACAA,protein_coding,PRJNA215073,A/Anhui/01/2013 (H7N9) vs. mock infection,Calu-3,A/Anhui/01/2013 (H7N9),1,24,0.836413164749999,7.28288585489,1.22770756429447,7.52139172991377e-05,0.0001946405257661,NA,NA,NA
26019,UPF2,TTGATTTGAGTTTCAGTGTCTCTGAATTGAACATCCCACGTTGGAAGAAGATACATTTGG,protein_coding,PRJNA215073,A/Anhui/01/2013 (H7N9) vs. mock infection,Calu-3,A/Anhui/01/2013 (H7N9),1,24,0.223259027999999,2.76878885941845,-4.95672547270433,0.0237742929637368,0.0333408397524008,NA,NA,NA
26019,UPF2,TTGATTTGAGTTTCAGTGTCTCTGAATTGAACATCCCACGTTGGAAGAAGATACATTTGG,protein_coding,PRJNA215073,A/Anhui/01/2013 (H7N9) vs. mock infection,Calu-3,A/Anhui/01/2013 (H7N9),1,3,0.20817922775,1.3579427792774,-6.00232530273656,0.209763718988386,0.404850454813864,NA,NA,NA
26019,UPF2,CTCACTGCCAAGAAGGAGGTCAGCAAGGCCCCTGAAGACAAGAAGAAGAGACTGGAAGAT,protein_coding,PRJNA215073,A/Anhui/01/2013 (H7N9) vs. mock infection,Calu-3,A/Anhui/01/2013 (H7N9),1,3,-0.119339747500002,-1.22293410987273,-6.16315197558196,0.254489812732861,0.458856394074341,NA,NA,NA
26019,UPF2,CATAGTAGATGCTTTCCTACAGCAGTTACCCAACTGTGTCAACCGAGATCTGATAGACAA,protein_coding,PRJNA215073,A/Anhui/01/2013 (H7N9) vs. mock infection,Calu-3,A/Anhui/01/2013 (H7N9),1,3,-0.113330210000001,-1.00377155348571,-6.39827926280708,0.34347064684752,0.549232337876322,NA,NA,NA
26019,UPF2,TCGCTACCAACATCCGAAGGGAGCACCTAATGCAGATCTAATCTTTAAGACTGGTGGGAG,protein_coding,PRJNA215073,A/Anhui/01/2013 (H7N9) vs. mock infection,Calu-3,A/Anhui/01/2013 (H7N9),1,3,-0.0831279792499986,-0.867772082815878,-6.52584439332063,0.409577528594063,0.610407789380357,NA,NA,NA
26019,UPF2,AAGATCCTTAATGTACCCATGTCCTCTCAACTTGCTGCAAATCACTGGAACCAGCAACAG,protein_coding,PRJNA215073,A/Anhui/01/2013 (H7N9) vs. mock infection,Calu-3,A/Anhui/01/2013 (H7N9),1,3,0.0176966254999993,0.14960643686206,-6.91293173200296,0.884598216897976,0.939407939045361,NA,NA,NA
26019,UPF2,CTCACTGCCAAGAAGGAGGTCAGCAAGGCCCCTGAAGACAAGAAGAAGAGACTGGAAGAT,protein_coding,PRJNA215073,A/Anhui/01/2013 (H7N9) vs. mock infection,Calu-3,A/Anhui/01/2013 (H7N9),1,7,-0.162196362500001,-1.68653850214974,-5.42301790705542,0.129800196564117,0.367054430357852,NA,NA,NA
26019,UPF2,AAGATCCTTAATGTACCCATGTCCTCTCAACTTGCTGCAAATCACTGGAACCAGCAACAG,protein_coding,PRJNA215073,A/Anhui/01/2013 (H7N9) vs. mock infection,Calu-3,A/Anhui/01/2013 (H7N9),1,7,-0.134556735,-1.14258726352558,-6.10125902363861,0.28593276234007,0.554738261739811,NA,NA,NA
26019,UPF2,TCGCTACCAACATCCGAAGGGAGCACCTAATGCAGATCTAATCTTTAAGACTGGTGGGAG,protein_coding,PRJNA215073,A/Anhui/01/2013 (H7N9) vs. mock infection,Calu-3,A/Anhui/01/2013 (H7N9),1,7,0.15309873925,0.786565639234025,-6.44131806246796,0.453983955137713,0.695682349416969,NA,NA,NA
26019,UPF2,CATAGTAGATGCTTTCCTACAGCAGTTACCCAACTGTGTCAACCGAGATCTGATAGACAA,protein_coding,PRJNA215073,A/Anhui/01/2013 (H7N9) vs. mock infection,Calu-3,A/Anhui/01/2013 (H7N9),1,7,-0.0944793619999995,-0.761826285097641,-6.46107826984464,0.467814281416526,0.705962919051383,NA,NA,NA
26019,UPF2,TTGATTTGAGTTTCAGTGTCTCTGAATTGAACATCCCACGTTGGAAGAAGATACATTTGG,protein_coding,PRJNA215073,A/Anhui/01/2013 (H7N9) vs. mock infection,Calu-3,A/Anhui/01/2013 (H7N9),1,7,-0.131486972,-0.639800881579994,-6.55040060819719,0.540014105911776,0.754364394595775,NA,NA,NA
26019,UPF2,CTCACTGCCAAGAAGGAGGTCAGCAAGGCCCCTGAAGACAAGAAGAAGAGACTGGAAGAT,protein_coding,PRJNA215073,A/Netherland/219/2003 (H7N7) vs. mock infection,Calu-3,A/Netherland/219/2003 (H7N7),1,12,-0.154044517500003,-1.82813358833806,-5.87863112557298,0.104164812847755,0.196939741731786,NA,NA,NA
26019,UPF2,AAGATCCTTAATGTACCCATGTCCTCTCAACTTGCTGCAAATCACTGGAACCAGCAACAG,protein_coding,PRJNA215073,A/Netherland/219/2003 (H7N7) vs. mock infection,Calu-3,A/Netherland/219/2003 (H7N7),1,12,-0.116953427500001,-1.37333712338338,-6.49588041727898,0.206155772285169,0.328677649853615,NA,NA,NA
26019,UPF2,TCGCTACCAACATCCGAAGGGAGCACCTAATGCAGATCTAATCTTTAAGACTGGTGGGAG,protein_coding,PRJNA215073,A/Netherland/219/2003 (H7N7) vs. mock infection,Calu-3,A/Netherland/219/2003 (H7N7),1,12,-0.108251858499999,-1.23733078908708,-6.66003076564633,0.250347053435516,0.379858756715829,NA,NA,NA
26019,UPF2,CATAGTAGATGCTTTCCTACAGCAGTTACCCAACTGTGTCAACCGAGATCTGATAGACAA,protein_coding,PRJNA215073,A/Netherland/219/2003 (H7N7) vs. mock infection,Calu-3,A/Netherland/219/2003 (H7N7),1,12,0.0658569872499992,0.800536818861614,-7.09963116882818,0.446054352359862,0.577817210921407,NA,NA,NA
26019,UPF2,TTGATTTGAGTTTCAGTGTCTCTGAATTGAACATCCCACGTTGGAAGAAGATACATTTGG,protein_coding,PRJNA215073,A/Netherland/219/2003 (H7N7) vs. mock infection,Calu-3,A/Netherland/219/2003 (H7N7),1,12,-0.0231803112499973,-0.256825200954451,-7.4079260826676,0.803663831235341,0.871052727532042,NA,NA,NA
26019,UPF2,CATAGTAGATGCTTTCCTACAGCAGTTACCCAACTGTGTCAACCGAGATCTGATAGACAA,protein_coding,PRJNA215073,A/Netherland/219/2003 (H7N7) vs. mock infection,Calu-3,A/Netherland/219/2003 (H7N7),1,24,1.67145824275,17.0796148187947,7.75140174253001,2.31283993935973e-07,2.91540856074755e-06,NA,NA,NA
26019,UPF2,AAGATCCTTAATGTACCCATGTCCTCTCAACTTGCTGCAAATCACTGGAACCAGCAACAG,protein_coding,PRJNA215073,A/Netherland/219/2003 (H7N7) vs. mock infection,Calu-3,A/Netherland/219/2003 (H7N7),1,24,1.59818153425,14.6084815758811,6.50216165353377,7.3947535203956e-07,5.93160245722143e-06,NA,NA,NA
26019,UPF2,TCGCTACCAACATCCGAAGGGAGCACCTAATGCAGATCTAATCTTTAAGACTGGTGGGAG,protein_coding,PRJNA215073,A/Netherland/219/2003 (H7N7) vs. mock infection,Calu-3,A/Netherland/219/2003 (H7N7),1,24,1.907191823,13.2921239951576,5.74598789594181,1.48473905530408e-06,9.53990004851021e-06,NA,NA,NA
26019,UPF2,CTCACTGCCAAGAAGGAGGTCAGCAAGGCCCCTGAAGACAAGAAGAAGAGACTGGAAGAT,protein_coding,PRJNA215073,A/Netherland/219/2003 (H7N7) vs. mock infection,Calu-3,A/Netherland/219/2003 (H7N7),1,24,0.928303034999997,11.967631671412,4.90707087307794,3.20369391043117e-06,1.64662753947245e-05,NA,NA,NA
26019,UPF2,TTGATTTGAGTTTCAGTGTCTCTGAATTGAACATCCCACGTTGGAAGAAGATACATTTGG,protein_coding,PRJNA215073,A/Netherland/219/2003 (H7N7) vs. mock infection,Calu-3,A/Netherland/219/2003 (H7N7),1,24,0.0675445809999999,0.250066150420754,-7.83033557950237,0.809127176953512,0.830093559537745,NA,NA,NA
26019,UPF2,CTCACTGCCAAGAAGGAGGTCAGCAAGGCCCCTGAAGACAAGAAGAAGAGACTGGAAGAT,protein_coding,PRJNA215073,A/Netherland/219/2003 (H7N7) vs. mock infection,Calu-3,A/Netherland/219/2003 (H7N7),1,3,-0.3338392,-3.383367,-3.189941,0.009277784,0.03769757,NA,NA,NA
26019,UPF2,TTGATTTGAGTTTCAGTGTCTCTGAATTGAACATCCCACGTTGGAAGAAGATACATTTGG,protein_coding,PRJNA215073,A/Netherland/219/2003 (H7N7) vs. mock infection,Calu-3,A/Netherland/219/2003 (H7N7),1,3,0.3987589,2.700877,-4.267856,0.02648704,0.07644265,NA,NA,NA
26019,UPF2,AAGATCCTTAATGTACCCATGTCCTCTCAACTTGCTGCAAATCACTGGAACCAGCAACAG,protein_coding,PRJNA215073,A/Netherland/219/2003 (H7N7) vs. mock infection,Calu-3,A/Netherland/219/2003 (H7N7),1,3,0.1632081,1.423575,-6.16129,0.1915539,0.3093441,NA,NA,NA
26019,UPF2,TCGCTACCAACATCCGAAGGGAGCACCTAATGCAGATCTAATCTTTAAGACTGGTGGGAG,protein_coding,PRJNA215073,A/Netherland/219/2003 (H7N7) vs. mock infection,Calu-3,A/Netherland/219/2003 (H7N7),1,3,0.05882815,0.6501957,-6.940743,0.5333879,0.6494684,NA,NA,NA
26019,UPF2,CATAGTAGATGCTTTCCTACAGCAGTTACCCAACTGTGTCAACCGAGATCTGATAGACAA,protein_coding,PRJNA215073,A/Netherland/219/2003 (H7N7) vs. mock infection,Calu-3,A/Netherland/219/2003 (H7N7),1,3,0.01427879,0.1622088,-7.155996,0.8750748,0.9175854,NA,NA,NA
26019,UPF2,TCGCTACCAACATCCGAAGGGAGCACCTAATGCAGATCTAATCTTTAAGACTGGTGGGAG,protein_coding,PRJNA215073,A/Netherland/219/2003 (H7N7) vs. mock infection,Calu-3,A/Netherland/219/2003 (H7N7),1,7,0.394668379499999,1.63727911959507,-5.5130842770213,0.139375315102938,0.366785687698559,NA,NA,NA
26019,UPF2,CTCACTGCCAAGAAGGAGGTCAGCAAGGCCCCTGAAGACAAGAAGAAGAGACTGGAAGAT,protein_coding,PRJNA215073,A/Netherland/219/2003 (H7N7) vs. mock infection,Calu-3,A/Netherland/219/2003 (H7N7),1,7,-0.182876650000001,-1.54821164903055,-5.63264262300777,0.159334957177597,0.39583788896459,NA,NA,NA
26019,UPF2,TTGATTTGAGTTTCAGTGTCTCTGAATTGAACATCCCACGTTGGAAGAAGATACATTTGG,protein_coding,PRJNA215073,A/Netherland/219/2003 (H7N7) vs. mock infection,Calu-3,A/Netherland/219/2003 (H7N7),1,7,-0.185651539000001,-1.22384300141912,-6.03426950879553,0.25509009800143,0.511792534591256,NA,NA,NA
26019,UPF2,AAGATCCTTAATGTACCCATGTCCTCTCAACTTGCTGCAAATCACTGGAACCAGCAACAG,protein_coding,PRJNA215073,A/Netherland/219/2003 (H7N7) vs. mock infection,Calu-3,A/Netherland/219/2003 (H7N7),1,7,-0.0371281132500041,-0.306037502425711,-6.74413376184275,0.767220380393857,0.895207257212151,NA,NA,NA
26019,UPF2,CATAGTAGATGCTTTCCTACAGCAGTTACCCAACTGTGTCAACCGAGATCTGATAGACAA,protein_coding,PRJNA215073,A/Netherland/219/2003 (H7N7) vs. mock infection,Calu-3,A/Netherland/219/2003 (H7N7),1,7,0.0264028227500006,0.262701602550965,-6.75765796827118,0.799276000265936,0.912743675794456,NA,NA,NA
26019,UPF2,AAGATCCTTAATGTACCCATGTCCTCTCAACTTGCTGCAAATCACTGGAACCAGCAACAG,protein_coding,PRJNA215073,A/Vietnam/1203/2004 (H5N1) vs. mock infection,Calu-3,A/Vietnam/1203/2004 (H5N1),1,12,0.189176295000001,2.59831093843482,-4.61833492679282,0.0307848720124072,0.118792291473112,NA,NA,NA
26019,UPF2,CATAGTAGATGCTTTCCTACAGCAGTTACCCAACTGTGTCAACCGAGATCTGATAGACAA,protein_coding,PRJNA215073,A/Vietnam/1203/2004 (H5N1) vs. mock infection,Calu-3,A/Vietnam/1203/2004 (H5N1),1,12,0.147847526249999,2.26303923733018,-5.14755241633228,0.0523492129533734,0.165464090592401,NA,NA,NA
26019,UPF2,TCGCTACCAACATCCGAAGGGAGCACCTAATGCAGATCTAATCTTTAAGACTGGTGGGAG,protein_coding,PRJNA215073,A/Vietnam/1203/2004 (H5N1) vs. mock infection,Calu-3,A/Vietnam/1203/2004 (H5N1),1,12,0.0924154887499995,0.95522627382396,-6.88786381753972,0.366484891220699,0.552993304709562,NA,NA,NA
26019,UPF2,TTGATTTGAGTTTCAGTGTCTCTGAATTGAACATCCCACGTTGGAAGAAGATACATTTGG,protein_coding,PRJNA215073,A/Vietnam/1203/2004 (H5N1) vs. mock infection,Calu-3,A/Vietnam/1203/2004 (H5N1),1,12,0.0759534867499978,0.744550569814943,-7.07145029327679,0.477116961025591,0.650497283336371,NA,NA,NA
26019,UPF2,CTCACTGCCAAGAAGGAGGTCAGCAAGGCCCCTGAAGACAAGAAGAAGAGACTGGAAGAT,protein_coding,PRJNA215073,A/Vietnam/1203/2004 (H5N1) vs. mock infection,Calu-3,A/Vietnam/1203/2004 (H5N1),1,12,-0.0311347449999992,-0.3784940441643,-7.29164115532828,0.714572986865326,0.828442734820793,NA,NA,NA
26019,UPF2,TCGCTACCAACATCCGAAGGGAGCACCTAATGCAGATCTAATCTTTAAGACTGGTGGGAG,protein_coding,PRJNA215073,A/Vietnam/1203/2004 (H5N1) vs. mock infection,Calu-3,A/Vietnam/1203/2004 (H5N1),1,24,2.195886527,26.5404088975413,11.5170723255333,5.89458820997184e-09,3.11448413389106e-07,NA,NA,NA
26019,UPF2,CATAGTAGATGCTTTCCTACAGCAGTTACCCAACTGTGTCAACCGAGATCTGATAGACAA,protein_coding,PRJNA215073,A/Vietnam/1203/2004 (H5N1) vs. mock infection,Calu-3,A/Vietnam/1203/2004 (H5N1),1,24,1.72042501025,17.1329961629786,8.01241845846022,1.72299162036289e-07,2.06344577380354e-06,NA,NA,NA
26019,UPF2,AAGATCCTTAATGTACCCATGTCCTCTCAACTTGCTGCAAATCACTGGAACCAGCAACAG,protein_coding,PRJNA215073,A/Vietnam/1203/2004 (H5N1) vs. mock infection,Calu-3,A/Vietnam/1203/2004 (H5N1),1,24,1.68994410875,16.4559986839217,7.68275478915962,2.34492262851496e-07,2.51503439422724e-06,NA,NA,NA
26019,UPF2,CTCACTGCCAAGAAGGAGGTCAGCAAGGCCCCTGAAGACAAGAAGAAGAGACTGGAAGAT,protein_coding,PRJNA215073,A/Vietnam/1203/2004 (H5N1) vs. mock infection,Calu-3,A/Vietnam/1203/2004 (H5N1),1,24,1.0355563875,11.9331372917288,5.05070490739794,2.66275785379756e-06,1.36112471673936e-05,NA,NA,NA
26019,UPF2,TTGATTTGAGTTTCAGTGTCTCTGAATTGAACATCCCACGTTGGAAGAAGATACATTTGG,protein_coding,PRJNA215073,A/Vietnam/1203/2004 (H5N1) vs. mock infection,Calu-3,A/Vietnam/1203/2004 (H5N1),1,24,0.220683483750002,1.50424089682557,-6.76795089393139,0.171716474842584,0.199175381270999,NA,NA,NA
26019,UPF2,CTCACTGCCAAGAAGGAGGTCAGCAAGGCCCCTGAAGACAAGAAGAAGAGACTGGAAGAT,protein_coding,PRJNA215073,A/Vietnam/1203/2004 (H5N1) vs. mock infection,Calu-3,A/Vietnam/1203/2004 (H5N1),1,3,-0.208671910833335,-2.34430031210986,-4.85112029106733,0.0513341512876546,0.150338287546349,NA,NA,NA
26019,UPF2,TCGCTACCAACATCCGAAGGGAGCACCTAATGCAGATCTAATCTTTAAGACTGGTGGGAG,protein_coding,PRJNA215073,A/Vietnam/1203/2004 (H5N1) vs. mock infection,Calu-3,A/Vietnam/1203/2004 (H5N1),1,3,-0.205446040083333,-1.97347385933033,-5.39490153509648,0.0888219478890745,0.21677210299293,NA,NA,NA
26019,UPF2,TTGATTTGAGTTTCAGTGTCTCTGAATTGAACATCCCACGTTGGAAGAAGATACATTTGG,protein_coding,PRJNA215073,A/Vietnam/1203/2004 (H5N1) vs. mock infection,Calu-3,A/Vietnam/1203/2004 (H5N1),1,3,0.241323517333334,1.33499947417928,-6.25051286211236,0.223450124953456,0.400438457568626,NA,NA,NA
26019,UPF2,CATAGTAGATGCTTTCCTACAGCAGTTACCCAACTGTGTCAACCGAGATCTGATAGACAA,protein_coding,PRJNA215073,A/Vietnam/1203/2004 (H5N1) vs. mock infection,Calu-3,A/Vietnam/1203/2004 (H5N1),1,3,-0.0588376286666659,-0.548620481944818,-6.98430663340704,0.600232737798396,0.751301113689965,NA,NA,NA
26019,UPF2,AAGATCCTTAATGTACCCATGTCCTCTCAACTTGCTGCAAATCACTGGAACCAGCAACAG,protein_coding,PRJNA215073,A/Vietnam/1203/2004 (H5N1) vs. mock infection,Calu-3,A/Vietnam/1203/2004 (H5N1),1,3,0.0327722834166693,0.341711504756329,-7.085845617935,0.742546490079707,0.852542939024868,NA,NA,NA
26019,UPF2,TTGATTTGAGTTTCAGTGTCTCTGAATTGAACATCCCACGTTGGAAGAAGATACATTTGG,protein_coding,PRJNA215073,A/Vietnam/1203/2004 (H5N1) vs. mock infection,Calu-3,A/Vietnam/1203/2004 (H5N1),1,7,-0.3360481835,-2.12215972000545,-3.88520357302296,0.064914081464275,0.531786743341485,NA,NA,NA
26019,UPF2,CTCACTGCCAAGAAGGAGGTCAGCAAGGCCCCTGAAGACAAGAAGAAGAGACTGGAAGAT,protein_coding,PRJNA215073,A/Vietnam/1203/2004 (H5N1) vs. mock infection,Calu-3,A/Vietnam/1203/2004 (H5N1),1,7,-0.238512787500001,-1.8581811391823,-4.20005213758163,0.0983778353750785,0.55706695326293,NA,NA,NA
26019,UPF2,AAGATCCTTAATGTACCCATGTCCTCTCAACTTGCTGCAAATCACTGGAACCAGCAACAG,protein_coding,PRJNA215073,A/Vietnam/1203/2004 (H5N1) vs. mock infection,Calu-3,A/Vietnam/1203/2004 (H5N1),1,7,-0.226327554250004,-1.74893770642803,-4.32692410819009,0.116561350642746,0.576695189094994,NA,NA,NA
26019,UPF2,CATAGTAGATGCTTTCCTACAGCAGTTACCCAACTGTGTCAACCGAGATCTGATAGACAA,protein_coding,PRJNA215073,A/Vietnam/1203/2004 (H5N1) vs. mock infection,Calu-3,A/Vietnam/1203/2004 (H5N1),1,7,-0.1510110325,-1.58798170282525,-4.50851913381537,0.149086763667325,0.606284344679277,NA,NA,NA
26019,UPF2,TCGCTACCAACATCCGAAGGGAGCACCTAATGCAGATCTAATCTTTAAGACTGGTGGGAG,protein_coding,PRJNA215073,A/Vietnam/1203/2004 (H5N1) vs. mock infection,Calu-3,A/Vietnam/1203/2004 (H5N1),1,7,-0.000981565250000926,-0.00626343144570355,-5.52963209794649,0.995148471846064,0.998819629289016,NA,NA,NA
26019,UPF2,TCGCTACCAACATCCGAAGGGAGCACCTAATGCAGATCTAATCTTTAAGACTGGTGGGAG,protein_coding,PRJNA215073,A/Panama/2007/1999 (H3N2) vs. mock infection,Calu-3,A/Panama/2007/1999 (H3N2),1,12,0.178379372750001,2.06648749700563,-6.11830034245992,0.0719615505443611,0.109545780409457,NA,NA,NA
26019,UPF2,CATAGTAGATGCTTTCCTACAGCAGTTACCCAACTGTGTCAACCGAGATCTGATAGACAA,protein_coding,PRJNA215073,A/Panama/2007/1999 (H3N2) vs. mock infection,Calu-3,A/Panama/2007/1999 (H3N2),1,12,0.181759230000001,1.93449703854227,-6.31680452014079,0.0884087151202702,0.130505141655604,NA,NA,NA
26019,UPF2,CTCACTGCCAAGAAGGAGGTCAGCAAGGCCCCTGAAGACAAGAAGAAGAGACTGGAAGAT,protein_coding,PRJNA215073,A/Panama/2007/1999 (H3N2) vs. mock infection,Calu-3,A/Panama/2007/1999 (H3N2),1,12,0.100391385000005,1.43148816134853,-7.0185554036434,0.189477555731047,0.249698643222275,NA,NA,NA
26019,UPF2,AAGATCCTTAATGTACCCATGTCCTCTCAACTTGCTGCAAATCACTGGAACCAGCAACAG,protein_coding,PRJNA215073,A/Panama/2007/1999 (H3N2) vs. mock infection,Calu-3,A/Panama/2007/1999 (H3N2),1,12,-0.0202202009999999,-0.235061685515392,-8.01262494786894,0.819956047837884,0.85448204389264,NA,NA,NA
26019,UPF2,TTGATTTGAGTTTCAGTGTCTCTGAATTGAACATCCCACGTTGGAAGAAGATACATTTGG,protein_coding,PRJNA215073,A/Panama/2007/1999 (H3N2) vs. mock infection,Calu-3,A/Panama/2007/1999 (H3N2),1,12,-0.0254962507500007,-0.179622741135716,-8.02544742121226,0.861831831637098,0.888851064387131,NA,NA,NA
26019,UPF2,TCGCTACCAACATCCGAAGGGAGCACCTAATGCAGATCTAATCTTTAAGACTGGTGGGAG,protein_coding,PRJNA215073,A/Panama/2007/1999 (H3N2) vs. mock infection,Calu-3,A/Panama/2007/1999 (H3N2),1,24,1.12305638925,8.91686781999935,2.86007624712793,1.93182379059388e-05,0.000129598509925272,NA,NA,NA
26019,UPF2,CTCACTGCCAAGAAGGAGGTCAGCAAGGCCCCTGAAGACAAGAAGAAGAGACTGGAAGAT,protein_coding,PRJNA215073,A/Panama/2007/1999 (H3N2) vs. mock infection,Calu-3,A/Panama/2007/1999 (H3N2),1,24,0.8491130925,7.42894275924941,1.40953430116216,7.25300695966249e-05,0.000342889580711305,NA,NA,NA
26019,UPF2,CATAGTAGATGCTTTCCTACAGCAGTTACCCAACTGTGTCAACCGAGATCTGATAGACAA,protein_coding,PRJNA215073,A/Panama/2007/1999 (H3N2) vs. mock infection,Calu-3,A/Panama/2007/1999 (H3N2),1,24,0.6744235315,6.04424208333431,-0.15483501090817,0.000302811603811601,0.00102520415871538,NA,NA,NA
26019,UPF2,AAGATCCTTAATGTACCCATGTCCTCTCAACTTGCTGCAAATCACTGGAACCAGCAACAG,protein_coding,PRJNA215073,A/Panama/2007/1999 (H3N2) vs. mock infection,Calu-3,A/Panama/2007/1999 (H3N2),1,24,0.602774736499999,5.40253850963326,-0.962393536769701,0.000635054626526615,0.00184704571892961,NA,NA,NA
26019,UPF2,TTGATTTGAGTTTCAGTGTCTCTGAATTGAACATCCCACGTTGGAAGAAGATACATTTGG,protein_coding,PRJNA215073,A/Panama/2007/1999 (H3N2) vs. mock infection,Calu-3,A/Panama/2007/1999 (H3N2),1,24,-0.3945434495,-2.67509961344489,-4.99267673820433,0.0280350798251794,0.0445905002720246,NA,NA,NA
26019,UPF2,CTCACTGCCAAGAAGGAGGTCAGCAAGGCCCCTGAAGACAAGAAGAAGAGACTGGAAGAT,protein_coding,PRJNA215073,A/Panama/2007/1999 (H3N2) vs. mock infection,Calu-3,A/Panama/2007/1999 (H3N2),1,3,-0.298927854166669,-2.98594538772573,-3.71991242929463,0.0197940925972635,0.0816242361355714,NA,NA,NA
26019,UPF2,TTGATTTGAGTTTCAGTGTCTCTGAATTGAACATCCCACGTTGGAAGAAGATACATTTGG,protein_coding,PRJNA215073,A/Panama/2007/1999 (H3N2) vs. mock infection,Calu-3,A/Panama/2007/1999 (H3N2),1,3,0.325140995333333,2.06030858755038,-5.09835116403801,0.0774025751928516,0.199905366205547,NA,NA,NA
26019,UPF2,TCGCTACCAACATCCGAAGGGAGCACCTAATGCAGATCTAATCTTTAAGACTGGTGGGAG,protein_coding,PRJNA215073,A/Panama/2007/1999 (H3N2) vs. mock infection,Calu-3,A/Panama/2007/1999 (H3N2),1,3,0.0614898692500017,0.668965385219925,-6.73209274977904,0.524477288066236,0.682022455469957,NA,NA,NA
26019,UPF2,AAGATCCTTAATGTACCCATGTCCTCTCAACTTGCTGCAAATCACTGGAACCAGCAACAG,protein_coding,PRJNA215073,A/Panama/2007/1999 (H3N2) vs. mock infection,Calu-3,A/Panama/2007/1999 (H3N2),1,3,0.0503612994166698,0.575482922944301,-6.79439743758401,0.582577699139928,0.7274668480674,NA,NA,NA
26019,UPF2,CATAGTAGATGCTTTCCTACAGCAGTTACCCAACTGTGTCAACCGAGATCTGATAGACAA,protein_coding,PRJNA215073,A/Panama/2007/1999 (H3N2) vs. mock infection,Calu-3,A/Panama/2007/1999 (H3N2),1,3,-0.0533945850000013,-0.522037786357498,-6.82618318309031,0.617388777170886,0.754146513464567,NA,NA,NA
26019,UPF2,TTGATTTGAGTTTCAGTGTCTCTGAATTGAACATCCCACGTTGGAAGAAGATACATTTGG,protein_coding,PRJNA215073,A/Panama/2007/1999 (H3N2) vs. mock infection,Calu-3,A/Panama/2007/1999 (H3N2),1,7,-0.576443262999999,-3.83989329100452,-2.1981797940943,0.00467467786243052,0.0428018177037584,NA,NA,NA
26019,UPF2,CTCACTGCCAAGAAGGAGGTCAGCAAGGCCCCTGAAGACAAGAAGAAGAGACTGGAAGAT,protein_coding,PRJNA215073,A/Panama/2007/1999 (H3N2) vs. mock infection,Calu-3,A/Panama/2007/1999 (H3N2),1,7,-0.377304752500002,-3.72914310604936,-2.36478112769699,0.0054918761642162,0.0469249873459389,NA,NA,NA
26019,UPF2,CATAGTAGATGCTTTCCTACAGCAGTTACCCAACTGTGTCAACCGAGATCTGATAGACAA,protein_coding,PRJNA215073,A/Panama/2007/1999 (H3N2) vs. mock infection,Calu-3,A/Panama/2007/1999 (H3N2),1,7,-0.240384293999998,-2.7807880858859,-3.83726322055606,0.0232125925708126,0.109351560608204,NA,NA,NA
26019,UPF2,AAGATCCTTAATGTACCCATGTCCTCTCAACTTGCTGCAAATCACTGGAACCAGCAACAG,protein_coding,PRJNA215073,A/Panama/2007/1999 (H3N2) vs. mock infection,Calu-3,A/Panama/2007/1999 (H3N2),1,7,-0.141642125,-1.26840053636688,-6.03377707601269,0.239295889029522,0.444108264699017,NA,NA,NA
26019,UPF2,TCGCTACCAACATCCGAAGGGAGCACCTAATGCAGATCTAATCTTTAAGACTGGTGGGAG,protein_coding,PRJNA215073,A/Panama/2007/1999 (H3N2) vs. mock infection,Calu-3,A/Panama/2007/1999 (H3N2),1,7,-0.0809670295000009,-0.591311716424784,-6.65798131940307,0.570164570164097,0.733029522000468,NA,NA,NA
26019,UPF2,NA,protein_coding,PRJNA349748,A/California/04/09 (H1N1) vs. mock infection,human tracheobronchial epithelial cells (HTBE),A/California/04/09 (H1N1),5,12,-0.314911217,NA,NA,0.150509552,0.359820994,NA,NA,NA
26019,UPF2,NA,protein_coding,PRJNA349748,A/California/04/09 (H1N1) vs. mock infection,human tracheobronchial epithelial cells (HTBE),A/California/04/09 (H1N1),5,18,0.905364505,NA,NA,3.74e-05,0.000379106,NA,NA,NA
26019,UPF2,NA,protein_coding,PRJNA349748,A/California/04/09 (H1N1) vs. mock infection,human tracheobronchial epithelial cells (HTBE),A/California/04/09 (H1N1),5,24,0.35310051,NA,NA,0.110710991,0.264596956,NA,NA,NA
26019,UPF2,NA,protein_coding,PRJNA349748,A/California/04/09 (H1N1) vs. mock infection,human tracheobronchial epithelial cells (HTBE),A/California/04/09 (H1N1),5,3,-0.426614432,NA,NA,0.055392084,0.266375068,NA,NA,NA
26019,UPF2,NA,protein_coding,PRJNA349748,A/California/04/09 (H1N1) vs. mock infection,human tracheobronchial epithelial cells (HTBE),A/California/04/09 (H1N1),5,6,0.101244898,NA,NA,0.645696331,1,NA,NA,NA
26019,UPF2,NA,protein_coding,PRJNA349748,A/Wyoming/03/03 (H3N2) vs. mock infection,human tracheobronchial epithelial cells (HTBE),A/Wyoming/03/03 (H3N2),5,12,-0.078872079,NA,NA,0.719782818,0.824171873,NA,NA,NA
26019,UPF2,NA,protein_coding,PRJNA349748,A/Wyoming/03/03 (H3N2) vs. mock infection,human tracheobronchial epithelial cells (HTBE),A/Wyoming/03/03 (H3N2),5,18,0.729048122,NA,NA,0.001295797,0.005372078,NA,NA,NA
26019,UPF2,NA,protein_coding,PRJNA349748,A/Wyoming/03/03 (H3N2) vs. mock infection,human tracheobronchial epithelial cells (HTBE),A/Wyoming/03/03 (H3N2),5,3,-0.182069998,NA,NA,0.393495909,0.975969601,NA,NA,NA
26019,UPF2,NA,protein_coding,PRJNA349748,A/Wyoming/03/03 (H3N2) vs. mock infection,human tracheobronchial epithelial cells (HTBE),A/Wyoming/03/03 (H3N2),5,6,-0.031944294,NA,NA,0.881647506,0.975441563,NA,NA,NA
26019,UPF2,NA,protein_coding,PRJNA349748,A/Vietnam/1203/04 (H5N1) HALo vs. mock infection,human tracheobronchial epithelial cells (HTBE),A/Vietnam/1203/04 (H5N1) HALo,5,12,0.577187391,NA,NA,0.000370585,0.000800378,NA,NA,NA
26019,UPF2,NA,protein_coding,PRJNA349748,A/Vietnam/1203/04 (H5N1) HALo vs. mock infection,human tracheobronchial epithelial cells (HTBE),A/Vietnam/1203/04 (H5N1) HALo,5,18,1.522240693,NA,NA,5.75e-19,4.45e-18,NA,NA,NA
26019,UPF2,NA,protein_coding,PRJNA349748,A/Vietnam/1203/04 (H5N1) HALo vs. mock infection,human tracheobronchial epithelial cells (HTBE),A/Vietnam/1203/04 (H5N1) HALo,5,3,-0.282647016,NA,NA,0.107398204,0.730987948,NA,NA,NA
26019,UPF2,NA,protein_coding,PRJNA349748,A/Vietnam/1203/04 (H5N1) HALo vs. mock infection,human tracheobronchial epithelial cells (HTBE),A/Vietnam/1203/04 (H5N1) HALo,5,6,-0.119372152,NA,NA,0.473250315,0.587253887,NA,NA,NA
26019,UPF2,NA,protein_coding,PRJNA382632,A/California/04/09 (H1N1) vs. mock infection,human monocyte-derived macrophages (MDM),A/California/04/09 (H1N1),2,12,-0.191106493,NA,NA,0.184065425,0.287484302,NA,NA,NA
26019,UPF2,NA,protein_coding,PRJNA382632,A/California/04/09 (H1N1) vs. mock infection,human monocyte-derived macrophages (MDM),A/California/04/09 (H1N1),2,18,-0.106038701,NA,NA,0.487963241,0.602379778,NA,NA,NA
26019,UPF2,NA,protein_coding,PRJNA382632,A/California/04/09 (H1N1) vs. mock infection,human monocyte-derived macrophages (MDM),A/California/04/09 (H1N1),2,3,0.179183858,NA,NA,0.222744383,0.915917178,NA,NA,NA
26019,UPF2,NA,protein_coding,PRJNA382632,A/California/04/09 (H1N1) vs. mock infection,human monocyte-derived macrophages (MDM),A/California/04/09 (H1N1),2,6,-0.026414766,NA,NA,0.861052341,0.9469572,NA,NA,NA
26019,UPF2,NA,protein_coding,PRJNA382632,A/Wyoming/03/03 (H3N2) vs. mock infection,human monocyte-derived macrophages (MDM),A/Wyoming/03/03 (H3N2),2,12,-0.523088145,NA,NA,0.005929191,0.011922485,NA,NA,NA
26019,UPF2,NA,protein_coding,PRJNA382632,A/Wyoming/03/03 (H3N2) vs. mock infection,human monocyte-derived macrophages (MDM),A/Wyoming/03/03 (H3N2),2,18,0.230011625,NA,NA,0.111618812,0.152039143,NA,NA,NA
26019,UPF2,NA,protein_coding,PRJNA382632,A/Wyoming/03/03 (H3N2) vs. mock infection,human monocyte-derived macrophages (MDM),A/Wyoming/03/03 (H3N2),2,3,0.027525638,NA,NA,0.849628332,0.98473654,NA,NA,NA
26019,UPF2,NA,protein_coding,PRJNA382632,A/Wyoming/03/03 (H3N2) vs. mock infection,human monocyte-derived macrophages (MDM),A/Wyoming/03/03 (H3N2),2,6,-0.366431392,NA,NA,0.016358066,0.028902307,NA,NA,NA
26019,UPF2,NA,protein_coding,PRJNA382632,A/Vietnam/1203/04 (H5N1) HALo vs. mock infection,human monocyte-derived macrophages (MDM),A/Vietnam/1203/04 (H5N1) HALo,2,12,-0.827577721,NA,NA,2.74e-06,8.45e-06,NA,NA,NA
26019,UPF2,NA,protein_coding,PRJNA382632,A/Vietnam/1203/04 (H5N1) HALo vs. mock infection,human monocyte-derived macrophages (MDM),A/Vietnam/1203/04 (H5N1) HALo,2,18,-0.375671283,NA,NA,0.034517689,0.053093819,NA,NA,NA
26019,UPF2,NA,protein_coding,PRJNA382632,A/Vietnam/1203/04 (H5N1) HALo vs. mock infection,human monocyte-derived macrophages (MDM),A/Vietnam/1203/04 (H5N1) HALo,2,3,-0.138216591,NA,NA,0.427315044,1,NA,NA,NA
26019,UPF2,NA,protein_coding,PRJNA382632,A/Vietnam/1203/04 (H5N1) HALo vs. mock infection,human monocyte-derived macrophages (MDM),A/Vietnam/1203/04 (H5N1) HALo,2,6,-1.028523789,NA,NA,7.34e-09,6.23e-08,NA,NA,NA
26019,UPF2,NA,protein_coding,PRJNA557257,A/Panama/2007/1999 (H3N2) vs. mock infection,lung explants,A/Panama/2007/1999 (H3N2),1E5 PFU/mL,24,0.1138954195816,NA,NA,0.142218946956813,0.669864413339829,1607.0383937954,0.0776077568244686,1.4675777814221
26019,UPF2,NA,protein_coding,PRJNA559077,A/swine/Zhejiang/04 (H3N2) vs. mock infection,A549,A/swine/Zhejiang/04 (H3N2),10,24,-0.972388481472825,NA,NA,2.39684962027653e-09,9.97030077338557e-09,1743.16972805577,0.162924546066867,-5.96833629399059
26019,UPF2,NA,protein_coding,PRJNA559077,A/Hangzhou/1/2013 (H7N9) vs. mock infection,A549,A/Hangzhou/1/2013 (H7N9),10,24,-0.442818393419337,NA,NA,0.00567603872837253,0.0181521555905458,1743.16972805577,0.160097359578234,-2.76593189660288
26019,UPF2,NA,protein_coding,PRJNA667475,A/WSN/1933 (H1N1) vs. mock infection,A549,A/WSN/1933 (H1N1),0.02,24,-0.0770466647533607,NA,NA,0.327904292877761,0.690093507151811,1022.2041137961,0.0787521333626087,-0.978343842427793
26019,UPF2,NA,protein_coding,PRJNA795161,A/Oklahoma/447/2008 (H1N1) vs. mock infection,human bronchial epithelial cells (HBEC),A/Oklahoma/447/2008 (H1N1),N.A.,48,-0.283793926836461,NA,NA,0.0962874299100313,0.283763400198743,744.315531815792,0.170638970757971,-1.6631249331607
