entrezID,gene_symbol,probe_seq,biotype,bioproject,res_design,host_type,virus_strain,M.O.I,H.P.I,log2FoldChange,t,B,pvalue,padj,baseMean,lfcSE,stat
NA,XLOC_014396,TTAATCACCTCGTTCCTCTTCCTGCCTGGAGAACGGCAGGGACTGTGTTGTGCTGCTGGT,NA,PRJNA215073,A/Anhui/01/2013 (H7N9) vs. mock infection,Calu-3,A/Anhui/01/2013 (H7N9),1,12,0.245107288750002,0.661363621543097,-7.4216445451162,0.525942500642338,0.636771053468923,NA,NA,NA
NA,XLOC_014396,TTAATCACCTCGTTCCTCTTCCTGCCTGGAGAACGGCAGGGACTGTGTTGTGCTGCTGGT,NA,PRJNA215073,A/Anhui/01/2013 (H7N9) vs. mock infection,Calu-3,A/Anhui/01/2013 (H7N9),1,24,1.04642396675,3.30172571775669,-4.10512617796447,0.010463033206471,0.015688675301475,NA,NA,NA
NA,XLOC_014396,TTAATCACCTCGTTCCTCTTCCTGCCTGGAGAACGGCAGGGACTGTGTTGTGCTGCTGGT,NA,PRJNA215073,A/Anhui/01/2013 (H7N9) vs. mock infection,Calu-3,A/Anhui/01/2013 (H7N9),1,3,-0.377775539000001,-0.97401303083361,-6.42746462734012,0.35720863934061,0.562063106476117,NA,NA,NA
NA,XLOC_014396,TTAATCACCTCGTTCCTCTTCCTGCCTGGAGAACGGCAGGGACTGTGTTGTGCTGCTGGT,NA,PRJNA215073,A/Anhui/01/2013 (H7N9) vs. mock infection,Calu-3,A/Anhui/01/2013 (H7N9),1,7,0.0114345415000008,0.0350671953108064,-6.77112667493936,0.972876969845541,0.988343377970098,NA,NA,NA
NA,XLOC_014396,TTAATCACCTCGTTCCTCTTCCTGCCTGGAGAACGGCAGGGACTGTGTTGTGCTGCTGGT,NA,PRJNA215073,A/Netherland/219/2003 (H7N7) vs. mock infection,Calu-3,A/Netherland/219/2003 (H7N7),1,12,-0.0444990977500019,-0.160958800602981,-7.43020224042178,0.876035246597936,0.92137524621635,NA,NA,NA
NA,XLOC_014396,TTAATCACCTCGTTCCTCTTCCTGCCTGGAGAACGGCAGGGACTGTGTTGTGCTGCTGGT,NA,PRJNA215073,A/Netherland/219/2003 (H7N7) vs. mock infection,Calu-3,A/Netherland/219/2003 (H7N7),1,24,2.32520997225,7.3558627937568,1.11878242661833,0.000100347850919242,0.00024749549294388,NA,NA,NA
NA,XLOC_014396,TTAATCACCTCGTTCCTCTTCCTGCCTGGAGAACGGCAGGGACTGTGTTGTGCTGCTGGT,NA,PRJNA215073,A/Netherland/219/2003 (H7N7) vs. mock infection,Calu-3,A/Netherland/219/2003 (H7N7),1,3,-0.7981386,-4.40717,-1.649868,0.002143147,0.01456801,NA,NA,NA
NA,XLOC_014396,TTAATCACCTCGTTCCTCTTCCTGCCTGGAGAACGGCAGGGACTGTGTTGTGCTGCTGGT,NA,PRJNA215073,A/Netherland/219/2003 (H7N7) vs. mock infection,Calu-3,A/Netherland/219/2003 (H7N7),1,7,-0.271376706999999,-0.576029403592063,-6.61551814635557,0.580094086181571,0.785431169235205,NA,NA,NA
NA,XLOC_014396,TTAATCACCTCGTTCCTCTTCCTGCCTGGAGAACGGCAGGGACTGTGTTGTGCTGCTGGT,NA,PRJNA215073,A/Vietnam/1203/2004 (H5N1) vs. mock infection,Calu-3,A/Vietnam/1203/2004 (H5N1),1,12,0.166667917999998,0.400643512976556,-7.28218306186877,0.698810176381784,0.817678192201782,NA,NA,NA
NA,XLOC_014396,TTAATCACCTCGTTCCTCTTCCTGCCTGGAGAACGGCAGGGACTGTGTTGTGCTGCTGGT,NA,PRJNA215073,A/Vietnam/1203/2004 (H5N1) vs. mock infection,Calu-3,A/Vietnam/1203/2004 (H5N1),1,24,2.2682674705,5.18790600312667,-1.32782453059978,0.000891652955089632,0.00161263860504021,NA,NA,NA
NA,XLOC_014396,TTAATCACCTCGTTCCTCTTCCTGCCTGGAGAACGGCAGGGACTGTGTTGTGCTGCTGGT,NA,PRJNA215073,A/Vietnam/1203/2004 (H5N1) vs. mock infection,Calu-3,A/Vietnam/1203/2004 (H5N1),1,3,-0.552413965500001,-2.48348719533884,-4.64354399368679,0.0418245324576994,0.131448866850041,NA,NA,NA
NA,XLOC_014396,TTAATCACCTCGTTCCTCTTCCTGCCTGGAGAACGGCAGGGACTGTGTTGTGCTGCTGGT,NA,PRJNA215073,A/Vietnam/1203/2004 (H5N1) vs. mock infection,Calu-3,A/Vietnam/1203/2004 (H5N1),1,7,0.299973606000002,0.970949809719964,-5.11043593381835,0.358647690359588,0.749591554438917,NA,NA,NA
NA,XLOC_014396,TTAATCACCTCGTTCCTCTTCCTGCCTGGAGAACGGCAGGGACTGTGTTGTGCTGCTGGT,NA,PRJNA215073,A/Panama/2007/1999 (H3N2) vs. mock infection,Calu-3,A/Panama/2007/1999 (H3N2),1,12,1.48385515425,3.6720976573103,-3.58406674770553,0.00608502663617778,0.0142961470973215,NA,NA,NA
NA,XLOC_014396,TTAATCACCTCGTTCCTCTTCCTGCCTGGAGAACGGCAGGGACTGTGTTGTGCTGCTGGT,NA,PRJNA215073,A/Panama/2007/1999 (H3N2) vs. mock infection,Calu-3,A/Panama/2007/1999 (H3N2),1,24,1.11939700875,1.72029794822769,-6.4498118691044,0.123532536693665,0.163424990113024,NA,NA,NA
NA,XLOC_014396,TTAATCACCTCGTTCCTCTTCCTGCCTGGAGAACGGCAGGGACTGTGTTGTGCTGCTGGT,NA,PRJNA215073,A/Panama/2007/1999 (H3N2) vs. mock infection,Calu-3,A/Panama/2007/1999 (H3N2),1,3,-0.364905518833333,-0.823371355624824,-6.61147119422769,0.436838573231296,0.608487755610042,NA,NA,NA
NA,XLOC_014396,TTAATCACCTCGTTCCTCTTCCTGCCTGGAGAACGGCAGGGACTGTGTTGTGCTGCTGGT,NA,PRJNA215073,A/Panama/2007/1999 (H3N2) vs. mock infection,Calu-3,A/Panama/2007/1999 (H3N2),1,7,0.373112794249998,1.17849366619488,-6.13678623368465,0.271491630644605,0.477467051810738,NA,NA,NA
