entrezID,gene_symbol,probe_seq,biotype,bioproject,res_design,host_type,virus_strain,M.O.I,H.P.I,log2FoldChange,t,B,pvalue,padj,baseMean,lfcSE,stat
NA,XLOC_012572,TTTGCTTTTCCCCTCTGTATGGGGGCTGGAGGCAGGTGAACCCCTTGATGAACAGGGTCT,NA,PRJNA215073,A/Anhui/01/2013 (H7N9) vs. mock infection,Calu-3,A/Anhui/01/2013 (H7N9),1,12,-0.20511082125,-1.16261441858189,-6.96011174231013,0.276666232545535,0.391654968845903,NA,NA,NA
NA,XLOC_012572,GCCAAGGACTTGCCCCTGTAAGGAAATTTGGAATAAGCAAAAAAGATCACTAGGTGTCGC,NA,PRJNA215073,A/Anhui/01/2013 (H7N9) vs. mock infection,Calu-3,A/Anhui/01/2013 (H7N9),1,12,NA,NA,NA,NA,NA,NA,NA,NA
NA,XLOC_012572,AGAGAACACTGCGTCTGCTCCCTTTTAGAACAGACCACGTTCTAGAATTGTAGAATCCTG,NA,PRJNA215073,A/Anhui/01/2013 (H7N9) vs. mock infection,Calu-3,A/Anhui/01/2013 (H7N9),1,12,NA,NA,NA,NA,NA,NA,NA,NA
NA,XLOC_012572,ACATCTACATTCAACTTGAGCCTAAATCAGCATCCAGCGGCCTTGAGGAAAAAGACTGAG,NA,PRJNA215073,A/Anhui/01/2013 (H7N9) vs. mock infection,Calu-3,A/Anhui/01/2013 (H7N9),1,12,NA,NA,NA,NA,NA,NA,NA,NA
NA,XLOC_012572,TGACTGAATTGGATGGAGATTAATGCATGGGGTTGCAATCAAGTACTTTCCTCCTCACCC,NA,PRJNA215073,A/Anhui/01/2013 (H7N9) vs. mock infection,Calu-3,A/Anhui/01/2013 (H7N9),1,12,NA,NA,NA,NA,NA,NA,NA,NA
NA,XLOC_012572,TTTGCTTTTCCCCTCTGTATGGGGGCTGGAGGCAGGTGAACCCCTTGATGAACAGGGTCT,NA,PRJNA215073,A/Anhui/01/2013 (H7N9) vs. mock infection,Calu-3,A/Anhui/01/2013 (H7N9),1,24,0.225982004249999,1.61692393079258,-6.71677105465903,0.143633143119529,0.174352747631189,NA,NA,NA
NA,XLOC_012572,GCCAAGGACTTGCCCCTGTAAGGAAATTTGGAATAAGCAAAAAAGATCACTAGGTGTCGC,NA,PRJNA215073,A/Anhui/01/2013 (H7N9) vs. mock infection,Calu-3,A/Anhui/01/2013 (H7N9),1,24,NA,NA,NA,NA,NA,NA,NA,NA
NA,XLOC_012572,AGAGAACACTGCGTCTGCTCCCTTTTAGAACAGACCACGTTCTAGAATTGTAGAATCCTG,NA,PRJNA215073,A/Anhui/01/2013 (H7N9) vs. mock infection,Calu-3,A/Anhui/01/2013 (H7N9),1,24,NA,NA,NA,NA,NA,NA,NA,NA
NA,XLOC_012572,ACATCTACATTCAACTTGAGCCTAAATCAGCATCCAGCGGCCTTGAGGAAAAAGACTGAG,NA,PRJNA215073,A/Anhui/01/2013 (H7N9) vs. mock infection,Calu-3,A/Anhui/01/2013 (H7N9),1,24,NA,NA,NA,NA,NA,NA,NA,NA
NA,XLOC_012572,TGACTGAATTGGATGGAGATTAATGCATGGGGTTGCAATCAAGTACTTTCCTCCTCACCC,NA,PRJNA215073,A/Anhui/01/2013 (H7N9) vs. mock infection,Calu-3,A/Anhui/01/2013 (H7N9),1,24,NA,NA,NA,NA,NA,NA,NA,NA
NA,XLOC_012572,TTTGCTTTTCCCCTCTGTATGGGGGCTGGAGGCAGGTGAACCCCTTGATGAACAGGGTCT,NA,PRJNA215073,A/Anhui/01/2013 (H7N9) vs. mock infection,Calu-3,A/Anhui/01/2013 (H7N9),1,3,-0.27846073275,-1.12622636046139,-6.27111915349474,0.291154412619567,0.497636174842853,NA,NA,NA
NA,XLOC_012572,GCCAAGGACTTGCCCCTGTAAGGAAATTTGGAATAAGCAAAAAAGATCACTAGGTGTCGC,NA,PRJNA215073,A/Anhui/01/2013 (H7N9) vs. mock infection,Calu-3,A/Anhui/01/2013 (H7N9),1,3,NA,NA,NA,NA,NA,NA,NA,NA
NA,XLOC_012572,AGAGAACACTGCGTCTGCTCCCTTTTAGAACAGACCACGTTCTAGAATTGTAGAATCCTG,NA,PRJNA215073,A/Anhui/01/2013 (H7N9) vs. mock infection,Calu-3,A/Anhui/01/2013 (H7N9),1,3,NA,NA,NA,NA,NA,NA,NA,NA
NA,XLOC_012572,ACATCTACATTCAACTTGAGCCTAAATCAGCATCCAGCGGCCTTGAGGAAAAAGACTGAG,NA,PRJNA215073,A/Anhui/01/2013 (H7N9) vs. mock infection,Calu-3,A/Anhui/01/2013 (H7N9),1,3,NA,NA,NA,NA,NA,NA,NA,NA
NA,XLOC_012572,TGACTGAATTGGATGGAGATTAATGCATGGGGTTGCAATCAAGTACTTTCCTCCTCACCC,NA,PRJNA215073,A/Anhui/01/2013 (H7N9) vs. mock infection,Calu-3,A/Anhui/01/2013 (H7N9),1,3,NA,NA,NA,NA,NA,NA,NA,NA
NA,XLOC_012572,TTTGCTTTTCCCCTCTGTATGGGGGCTGGAGGCAGGTGAACCCCTTGATGAACAGGGTCT,NA,PRJNA215073,A/Anhui/01/2013 (H7N9) vs. mock infection,Calu-3,A/Anhui/01/2013 (H7N9),1,7,0.321049735500001,1.08795759249265,-6.15970986077441,0.307996560175537,0.57619658334565,NA,NA,NA
NA,XLOC_012572,GCCAAGGACTTGCCCCTGTAAGGAAATTTGGAATAAGCAAAAAAGATCACTAGGTGTCGC,NA,PRJNA215073,A/Anhui/01/2013 (H7N9) vs. mock infection,Calu-3,A/Anhui/01/2013 (H7N9),1,7,NA,NA,NA,NA,NA,NA,NA,NA
NA,XLOC_012572,AGAGAACACTGCGTCTGCTCCCTTTTAGAACAGACCACGTTCTAGAATTGTAGAATCCTG,NA,PRJNA215073,A/Anhui/01/2013 (H7N9) vs. mock infection,Calu-3,A/Anhui/01/2013 (H7N9),1,7,NA,NA,NA,NA,NA,NA,NA,NA
NA,XLOC_012572,ACATCTACATTCAACTTGAGCCTAAATCAGCATCCAGCGGCCTTGAGGAAAAAGACTGAG,NA,PRJNA215073,A/Anhui/01/2013 (H7N9) vs. mock infection,Calu-3,A/Anhui/01/2013 (H7N9),1,7,NA,NA,NA,NA,NA,NA,NA,NA
NA,XLOC_012572,TGACTGAATTGGATGGAGATTAATGCATGGGGTTGCAATCAAGTACTTTCCTCCTCACCC,NA,PRJNA215073,A/Anhui/01/2013 (H7N9) vs. mock infection,Calu-3,A/Anhui/01/2013 (H7N9),1,7,NA,NA,NA,NA,NA,NA,NA,NA
NA,XLOC_012572,TTTGCTTTTCCCCTCTGTATGGGGGCTGGAGGCAGGTGAACCCCTTGATGAACAGGGTCT,NA,PRJNA215073,A/Netherland/219/2003 (H7N7) vs. mock infection,Calu-3,A/Netherland/219/2003 (H7N7),1,12,-0.211708109500001,-1.33216532236729,-6.54674209180629,0.218770035068912,0.34355093388675,NA,NA,NA
NA,XLOC_012572,GCCAAGGACTTGCCCCTGTAAGGAAATTTGGAATAAGCAAAAAAGATCACTAGGTGTCGC,NA,PRJNA215073,A/Netherland/219/2003 (H7N7) vs. mock infection,Calu-3,A/Netherland/219/2003 (H7N7),1,12,NA,NA,NA,NA,NA,NA,NA,NA
NA,XLOC_012572,AGAGAACACTGCGTCTGCTCCCTTTTAGAACAGACCACGTTCTAGAATTGTAGAATCCTG,NA,PRJNA215073,A/Netherland/219/2003 (H7N7) vs. mock infection,Calu-3,A/Netherland/219/2003 (H7N7),1,12,NA,NA,NA,NA,NA,NA,NA,NA
NA,XLOC_012572,ACATCTACATTCAACTTGAGCCTAAATCAGCATCCAGCGGCCTTGAGGAAAAAGACTGAG,NA,PRJNA215073,A/Netherland/219/2003 (H7N7) vs. mock infection,Calu-3,A/Netherland/219/2003 (H7N7),1,12,NA,NA,NA,NA,NA,NA,NA,NA
NA,XLOC_012572,TGACTGAATTGGATGGAGATTAATGCATGGGGTTGCAATCAAGTACTTTCCTCCTCACCC,NA,PRJNA215073,A/Netherland/219/2003 (H7N7) vs. mock infection,Calu-3,A/Netherland/219/2003 (H7N7),1,12,NA,NA,NA,NA,NA,NA,NA,NA
NA,XLOC_012572,TTTGCTTTTCCCCTCTGTATGGGGGCTGGAGGCAGGTGAACCCCTTGATGAACAGGGTCT,NA,PRJNA215073,A/Netherland/219/2003 (H7N7) vs. mock infection,Calu-3,A/Netherland/219/2003 (H7N7),1,24,1.7217252855,6.71966684100607,0.449078652082005,0.00018431384575032,0.000417534534747621,NA,NA,NA
NA,XLOC_012572,GCCAAGGACTTGCCCCTGTAAGGAAATTTGGAATAAGCAAAAAAGATCACTAGGTGTCGC,NA,PRJNA215073,A/Netherland/219/2003 (H7N7) vs. mock infection,Calu-3,A/Netherland/219/2003 (H7N7),1,24,NA,NA,NA,NA,NA,NA,NA,NA
NA,XLOC_012572,AGAGAACACTGCGTCTGCTCCCTTTTAGAACAGACCACGTTCTAGAATTGTAGAATCCTG,NA,PRJNA215073,A/Netherland/219/2003 (H7N7) vs. mock infection,Calu-3,A/Netherland/219/2003 (H7N7),1,24,NA,NA,NA,NA,NA,NA,NA,NA
NA,XLOC_012572,ACATCTACATTCAACTTGAGCCTAAATCAGCATCCAGCGGCCTTGAGGAAAAAGACTGAG,NA,PRJNA215073,A/Netherland/219/2003 (H7N7) vs. mock infection,Calu-3,A/Netherland/219/2003 (H7N7),1,24,NA,NA,NA,NA,NA,NA,NA,NA
NA,XLOC_012572,TGACTGAATTGGATGGAGATTAATGCATGGGGTTGCAATCAAGTACTTTCCTCCTCACCC,NA,PRJNA215073,A/Netherland/219/2003 (H7N7) vs. mock infection,Calu-3,A/Netherland/219/2003 (H7N7),1,24,NA,NA,NA,NA,NA,NA,NA,NA
NA,XLOC_012572,TTTGCTTTTCCCCTCTGTATGGGGGCTGGAGGCAGGTGAACCCCTTGATGAACAGGGTCT,NA,PRJNA215073,A/Netherland/219/2003 (H7N7) vs. mock infection,Calu-3,A/Netherland/219/2003 (H7N7),1,3,-0.5631149,-3.068305,-3.685326,0.01497346,0.05178049,NA,NA,NA
NA,XLOC_012572,GCCAAGGACTTGCCCCTGTAAGGAAATTTGGAATAAGCAAAAAAGATCACTAGGTGTCGC,NA,PRJNA215073,A/Netherland/219/2003 (H7N7) vs. mock infection,Calu-3,A/Netherland/219/2003 (H7N7),1,3,NA,NA,NA,NA,NA,NA,NA,NA
NA,XLOC_012572,AGAGAACACTGCGTCTGCTCCCTTTTAGAACAGACCACGTTCTAGAATTGTAGAATCCTG,NA,PRJNA215073,A/Netherland/219/2003 (H7N7) vs. mock infection,Calu-3,A/Netherland/219/2003 (H7N7),1,3,NA,NA,NA,NA,NA,NA,NA,NA
NA,XLOC_012572,ACATCTACATTCAACTTGAGCCTAAATCAGCATCCAGCGGCCTTGAGGAAAAAGACTGAG,NA,PRJNA215073,A/Netherland/219/2003 (H7N7) vs. mock infection,Calu-3,A/Netherland/219/2003 (H7N7),1,3,NA,NA,NA,NA,NA,NA,NA,NA
NA,XLOC_012572,TGACTGAATTGGATGGAGATTAATGCATGGGGTTGCAATCAAGTACTTTCCTCCTCACCC,NA,PRJNA215073,A/Netherland/219/2003 (H7N7) vs. mock infection,Calu-3,A/Netherland/219/2003 (H7N7),1,3,NA,NA,NA,NA,NA,NA,NA,NA
NA,XLOC_012572,TTTGCTTTTCCCCTCTGTATGGGGGCTGGAGGCAGGTGAACCCCTTGATGAACAGGGTCT,NA,PRJNA215073,A/Netherland/219/2003 (H7N7) vs. mock infection,Calu-3,A/Netherland/219/2003 (H7N7),1,7,0.05842208325,0.191868851025713,-6.77538767906277,0.852522423084823,0.938558171914916,NA,NA,NA
NA,XLOC_012572,GCCAAGGACTTGCCCCTGTAAGGAAATTTGGAATAAGCAAAAAAGATCACTAGGTGTCGC,NA,PRJNA215073,A/Netherland/219/2003 (H7N7) vs. mock infection,Calu-3,A/Netherland/219/2003 (H7N7),1,7,NA,NA,NA,NA,NA,NA,NA,NA
NA,XLOC_012572,AGAGAACACTGCGTCTGCTCCCTTTTAGAACAGACCACGTTCTAGAATTGTAGAATCCTG,NA,PRJNA215073,A/Netherland/219/2003 (H7N7) vs. mock infection,Calu-3,A/Netherland/219/2003 (H7N7),1,7,NA,NA,NA,NA,NA,NA,NA,NA
NA,XLOC_012572,ACATCTACATTCAACTTGAGCCTAAATCAGCATCCAGCGGCCTTGAGGAAAAAGACTGAG,NA,PRJNA215073,A/Netherland/219/2003 (H7N7) vs. mock infection,Calu-3,A/Netherland/219/2003 (H7N7),1,7,NA,NA,NA,NA,NA,NA,NA,NA
NA,XLOC_012572,TGACTGAATTGGATGGAGATTAATGCATGGGGTTGCAATCAAGTACTTTCCTCCTCACCC,NA,PRJNA215073,A/Netherland/219/2003 (H7N7) vs. mock infection,Calu-3,A/Netherland/219/2003 (H7N7),1,7,NA,NA,NA,NA,NA,NA,NA,NA
NA,XLOC_012572,TTTGCTTTTCCCCTCTGTATGGGGGCTGGAGGCAGGTGAACCCCTTGATGAACAGGGTCT,NA,PRJNA215073,A/Vietnam/1203/2004 (H5N1) vs. mock infection,Calu-3,A/Vietnam/1203/2004 (H5N1),1,12,0.0142223337499976,0.0573801283765579,-7.36907583342244,0.955601423632835,0.975051336253058,NA,NA,NA
NA,XLOC_012572,GCCAAGGACTTGCCCCTGTAAGGAAATTTGGAATAAGCAAAAAAGATCACTAGGTGTCGC,NA,PRJNA215073,A/Vietnam/1203/2004 (H5N1) vs. mock infection,Calu-3,A/Vietnam/1203/2004 (H5N1),1,12,NA,NA,NA,NA,NA,NA,NA,NA
NA,XLOC_012572,AGAGAACACTGCGTCTGCTCCCTTTTAGAACAGACCACGTTCTAGAATTGTAGAATCCTG,NA,PRJNA215073,A/Vietnam/1203/2004 (H5N1) vs. mock infection,Calu-3,A/Vietnam/1203/2004 (H5N1),1,12,NA,NA,NA,NA,NA,NA,NA,NA
NA,XLOC_012572,ACATCTACATTCAACTTGAGCCTAAATCAGCATCCAGCGGCCTTGAGGAAAAAGACTGAG,NA,PRJNA215073,A/Vietnam/1203/2004 (H5N1) vs. mock infection,Calu-3,A/Vietnam/1203/2004 (H5N1),1,12,NA,NA,NA,NA,NA,NA,NA,NA
NA,XLOC_012572,TGACTGAATTGGATGGAGATTAATGCATGGGGTTGCAATCAAGTACTTTCCTCCTCACCC,NA,PRJNA215073,A/Vietnam/1203/2004 (H5N1) vs. mock infection,Calu-3,A/Vietnam/1203/2004 (H5N1),1,12,NA,NA,NA,NA,NA,NA,NA,NA
NA,XLOC_012572,TTTGCTTTTCCCCTCTGTATGGGGGCTGGAGGCAGGTGAACCCCTTGATGAACAGGGTCT,NA,PRJNA215073,A/Vietnam/1203/2004 (H5N1) vs. mock infection,Calu-3,A/Vietnam/1203/2004 (H5N1),1,24,1.53838259125,5.38333212247193,-1.0743164620788,0.000706723878634838,0.00131443035027893,NA,NA,NA
NA,XLOC_012572,GCCAAGGACTTGCCCCTGTAAGGAAATTTGGAATAAGCAAAAAAGATCACTAGGTGTCGC,NA,PRJNA215073,A/Vietnam/1203/2004 (H5N1) vs. mock infection,Calu-3,A/Vietnam/1203/2004 (H5N1),1,24,NA,NA,NA,NA,NA,NA,NA,NA
NA,XLOC_012572,AGAGAACACTGCGTCTGCTCCCTTTTAGAACAGACCACGTTCTAGAATTGTAGAATCCTG,NA,PRJNA215073,A/Vietnam/1203/2004 (H5N1) vs. mock infection,Calu-3,A/Vietnam/1203/2004 (H5N1),1,24,NA,NA,NA,NA,NA,NA,NA,NA
NA,XLOC_012572,ACATCTACATTCAACTTGAGCCTAAATCAGCATCCAGCGGCCTTGAGGAAAAAGACTGAG,NA,PRJNA215073,A/Vietnam/1203/2004 (H5N1) vs. mock infection,Calu-3,A/Vietnam/1203/2004 (H5N1),1,24,NA,NA,NA,NA,NA,NA,NA,NA
NA,XLOC_012572,TGACTGAATTGGATGGAGATTAATGCATGGGGTTGCAATCAAGTACTTTCCTCCTCACCC,NA,PRJNA215073,A/Vietnam/1203/2004 (H5N1) vs. mock infection,Calu-3,A/Vietnam/1203/2004 (H5N1),1,24,NA,NA,NA,NA,NA,NA,NA,NA
NA,XLOC_012572,TTTGCTTTTCCCCTCTGTATGGGGGCTGGAGGCAGGTGAACCCCTTGATGAACAGGGTCT,NA,PRJNA215073,A/Vietnam/1203/2004 (H5N1) vs. mock infection,Calu-3,A/Vietnam/1203/2004 (H5N1),1,3,-0.218231914416668,-0.995071870622528,-6.62594145209813,0.352682012170308,0.540861321336769,NA,NA,NA
NA,XLOC_012572,GCCAAGGACTTGCCCCTGTAAGGAAATTTGGAATAAGCAAAAAAGATCACTAGGTGTCGC,NA,PRJNA215073,A/Vietnam/1203/2004 (H5N1) vs. mock infection,Calu-3,A/Vietnam/1203/2004 (H5N1),1,3,NA,NA,NA,NA,NA,NA,NA,NA
NA,XLOC_012572,AGAGAACACTGCGTCTGCTCCCTTTTAGAACAGACCACGTTCTAGAATTGTAGAATCCTG,NA,PRJNA215073,A/Vietnam/1203/2004 (H5N1) vs. mock infection,Calu-3,A/Vietnam/1203/2004 (H5N1),1,3,NA,NA,NA,NA,NA,NA,NA,NA
NA,XLOC_012572,ACATCTACATTCAACTTGAGCCTAAATCAGCATCCAGCGGCCTTGAGGAAAAAGACTGAG,NA,PRJNA215073,A/Vietnam/1203/2004 (H5N1) vs. mock infection,Calu-3,A/Vietnam/1203/2004 (H5N1),1,3,NA,NA,NA,NA,NA,NA,NA,NA
NA,XLOC_012572,TGACTGAATTGGATGGAGATTAATGCATGGGGTTGCAATCAAGTACTTTCCTCCTCACCC,NA,PRJNA215073,A/Vietnam/1203/2004 (H5N1) vs. mock infection,Calu-3,A/Vietnam/1203/2004 (H5N1),1,3,NA,NA,NA,NA,NA,NA,NA,NA
NA,XLOC_012572,TTTGCTTTTCCCCTCTGTATGGGGGCTGGAGGCAGGTGAACCCCTTGATGAACAGGGTCT,NA,PRJNA215073,A/Vietnam/1203/2004 (H5N1) vs. mock infection,Calu-3,A/Vietnam/1203/2004 (H5N1),1,7,-0.023523704499997,-0.0939507847102635,-5.52547716084898,0.927346641204843,0.981823702694874,NA,NA,NA
NA,XLOC_012572,GCCAAGGACTTGCCCCTGTAAGGAAATTTGGAATAAGCAAAAAAGATCACTAGGTGTCGC,NA,PRJNA215073,A/Vietnam/1203/2004 (H5N1) vs. mock infection,Calu-3,A/Vietnam/1203/2004 (H5N1),1,7,NA,NA,NA,NA,NA,NA,NA,NA
NA,XLOC_012572,AGAGAACACTGCGTCTGCTCCCTTTTAGAACAGACCACGTTCTAGAATTGTAGAATCCTG,NA,PRJNA215073,A/Vietnam/1203/2004 (H5N1) vs. mock infection,Calu-3,A/Vietnam/1203/2004 (H5N1),1,7,NA,NA,NA,NA,NA,NA,NA,NA
NA,XLOC_012572,ACATCTACATTCAACTTGAGCCTAAATCAGCATCCAGCGGCCTTGAGGAAAAAGACTGAG,NA,PRJNA215073,A/Vietnam/1203/2004 (H5N1) vs. mock infection,Calu-3,A/Vietnam/1203/2004 (H5N1),1,7,NA,NA,NA,NA,NA,NA,NA,NA
NA,XLOC_012572,TGACTGAATTGGATGGAGATTAATGCATGGGGTTGCAATCAAGTACTTTCCTCCTCACCC,NA,PRJNA215073,A/Vietnam/1203/2004 (H5N1) vs. mock infection,Calu-3,A/Vietnam/1203/2004 (H5N1),1,7,NA,NA,NA,NA,NA,NA,NA,NA
NA,XLOC_012572,TTTGCTTTTCCCCTCTGTATGGGGGCTGGAGGCAGGTGAACCCCTTGATGAACAGGGTCT,NA,PRJNA215073,A/Panama/2007/1999 (H3N2) vs. mock infection,Calu-3,A/Panama/2007/1999 (H3N2),1,12,0.826218841499998,3.13151565843117,-4.43470721039485,0.0136518868676356,0.0274485990356945,NA,NA,NA
NA,XLOC_012572,GCCAAGGACTTGCCCCTGTAAGGAAATTTGGAATAAGCAAAAAAGATCACTAGGTGTCGC,NA,PRJNA215073,A/Panama/2007/1999 (H3N2) vs. mock infection,Calu-3,A/Panama/2007/1999 (H3N2),1,12,NA,NA,NA,NA,NA,NA,NA,NA
NA,XLOC_012572,AGAGAACACTGCGTCTGCTCCCTTTTAGAACAGACCACGTTCTAGAATTGTAGAATCCTG,NA,PRJNA215073,A/Panama/2007/1999 (H3N2) vs. mock infection,Calu-3,A/Panama/2007/1999 (H3N2),1,12,NA,NA,NA,NA,NA,NA,NA,NA
NA,XLOC_012572,ACATCTACATTCAACTTGAGCCTAAATCAGCATCCAGCGGCCTTGAGGAAAAAGACTGAG,NA,PRJNA215073,A/Panama/2007/1999 (H3N2) vs. mock infection,Calu-3,A/Panama/2007/1999 (H3N2),1,12,NA,NA,NA,NA,NA,NA,NA,NA
NA,XLOC_012572,TGACTGAATTGGATGGAGATTAATGCATGGGGTTGCAATCAAGTACTTTCCTCCTCACCC,NA,PRJNA215073,A/Panama/2007/1999 (H3N2) vs. mock infection,Calu-3,A/Panama/2007/1999 (H3N2),1,12,NA,NA,NA,NA,NA,NA,NA,NA
NA,XLOC_012572,TTTGCTTTTCCCCTCTGTATGGGGGCTGGAGGCAGGTGAACCCCTTGATGAACAGGGTCT,NA,PRJNA215073,A/Panama/2007/1999 (H3N2) vs. mock infection,Calu-3,A/Panama/2007/1999 (H3N2),1,24,1.7687300805,5.87263546559174,-0.365346350887279,0.000367201784962118,0.0011956646904048,NA,NA,NA
NA,XLOC_012572,GCCAAGGACTTGCCCCTGTAAGGAAATTTGGAATAAGCAAAAAAGATCACTAGGTGTCGC,NA,PRJNA215073,A/Panama/2007/1999 (H3N2) vs. mock infection,Calu-3,A/Panama/2007/1999 (H3N2),1,24,NA,NA,NA,NA,NA,NA,NA,NA
NA,XLOC_012572,AGAGAACACTGCGTCTGCTCCCTTTTAGAACAGACCACGTTCTAGAATTGTAGAATCCTG,NA,PRJNA215073,A/Panama/2007/1999 (H3N2) vs. mock infection,Calu-3,A/Panama/2007/1999 (H3N2),1,24,NA,NA,NA,NA,NA,NA,NA,NA
NA,XLOC_012572,ACATCTACATTCAACTTGAGCCTAAATCAGCATCCAGCGGCCTTGAGGAAAAAGACTGAG,NA,PRJNA215073,A/Panama/2007/1999 (H3N2) vs. mock infection,Calu-3,A/Panama/2007/1999 (H3N2),1,24,NA,NA,NA,NA,NA,NA,NA,NA
NA,XLOC_012572,TGACTGAATTGGATGGAGATTAATGCATGGGGTTGCAATCAAGTACTTTCCTCCTCACCC,NA,PRJNA215073,A/Panama/2007/1999 (H3N2) vs. mock infection,Calu-3,A/Panama/2007/1999 (H3N2),1,24,NA,NA,NA,NA,NA,NA,NA,NA
NA,XLOC_012572,TTTGCTTTTCCCCTCTGTATGGGGGCTGGAGGCAGGTGAACCCCTTGATGAACAGGGTCT,NA,PRJNA215073,A/Panama/2007/1999 (H3N2) vs. mock infection,Calu-3,A/Panama/2007/1999 (H3N2),1,3,-0.281457878416665,-0.966103781759826,-6.48187829476767,0.365459059871199,0.544722946268061,NA,NA,NA
NA,XLOC_012572,GCCAAGGACTTGCCCCTGTAAGGAAATTTGGAATAAGCAAAAAAGATCACTAGGTGTCGC,NA,PRJNA215073,A/Panama/2007/1999 (H3N2) vs. mock infection,Calu-3,A/Panama/2007/1999 (H3N2),1,3,NA,NA,NA,NA,NA,NA,NA,NA
NA,XLOC_012572,AGAGAACACTGCGTCTGCTCCCTTTTAGAACAGACCACGTTCTAGAATTGTAGAATCCTG,NA,PRJNA215073,A/Panama/2007/1999 (H3N2) vs. mock infection,Calu-3,A/Panama/2007/1999 (H3N2),1,3,NA,NA,NA,NA,NA,NA,NA,NA
NA,XLOC_012572,ACATCTACATTCAACTTGAGCCTAAATCAGCATCCAGCGGCCTTGAGGAAAAAGACTGAG,NA,PRJNA215073,A/Panama/2007/1999 (H3N2) vs. mock infection,Calu-3,A/Panama/2007/1999 (H3N2),1,3,NA,NA,NA,NA,NA,NA,NA,NA
NA,XLOC_012572,TGACTGAATTGGATGGAGATTAATGCATGGGGTTGCAATCAAGTACTTTCCTCCTCACCC,NA,PRJNA215073,A/Panama/2007/1999 (H3N2) vs. mock infection,Calu-3,A/Panama/2007/1999 (H3N2),1,3,NA,NA,NA,NA,NA,NA,NA,NA
NA,XLOC_012572,TTTGCTTTTCCCCTCTGTATGGGGGCTGGAGGCAGGTGAACCCCTTGATGAACAGGGTCT,NA,PRJNA215073,A/Panama/2007/1999 (H3N2) vs. mock infection,Calu-3,A/Panama/2007/1999 (H3N2),1,7,0.729268771500003,2.41892143750625,-4.40488374752522,0.0410490257829614,0.154356883251284,NA,NA,NA
NA,XLOC_012572,GCCAAGGACTTGCCCCTGTAAGGAAATTTGGAATAAGCAAAAAAGATCACTAGGTGTCGC,NA,PRJNA215073,A/Panama/2007/1999 (H3N2) vs. mock infection,Calu-3,A/Panama/2007/1999 (H3N2),1,7,NA,NA,NA,NA,NA,NA,NA,NA
NA,XLOC_012572,AGAGAACACTGCGTCTGCTCCCTTTTAGAACAGACCACGTTCTAGAATTGTAGAATCCTG,NA,PRJNA215073,A/Panama/2007/1999 (H3N2) vs. mock infection,Calu-3,A/Panama/2007/1999 (H3N2),1,7,NA,NA,NA,NA,NA,NA,NA,NA
NA,XLOC_012572,ACATCTACATTCAACTTGAGCCTAAATCAGCATCCAGCGGCCTTGAGGAAAAAGACTGAG,NA,PRJNA215073,A/Panama/2007/1999 (H3N2) vs. mock infection,Calu-3,A/Panama/2007/1999 (H3N2),1,7,NA,NA,NA,NA,NA,NA,NA,NA
NA,XLOC_012572,TGACTGAATTGGATGGAGATTAATGCATGGGGTTGCAATCAAGTACTTTCCTCCTCACCC,NA,PRJNA215073,A/Panama/2007/1999 (H3N2) vs. mock infection,Calu-3,A/Panama/2007/1999 (H3N2),1,7,NA,NA,NA,NA,NA,NA,NA,NA
